#Data_base;Nome_da_Administradora;Código_do_segmento;Unidade_da_Federação_do_consorciado;Quantidade_de_adesões_no_trimestre
202312;ITAÚ ADM DE CONSÓRCIOS LTDA                                 ;1;AC;10
202312;ITAÚ ADM DE CONSÓRCIOS LTDA                                 ;2;AC;0
202312;ITAÚ ADM DE CONSÓRCIOS LTDA                                 ;3;AC;32
202312;ITAÚ ADM DE CONSÓRCIOS LTDA                                 ;4;AC;19
202312;ITAÚ ADM DE CONSÓRCIOS LTDA                                 ;1;AL;45
202312;ITAÚ ADM DE CONSÓRCIOS LTDA                                 ;2;AL;0
202312;ITAÚ ADM DE CONSÓRCIOS LTDA                                 ;3;AL;119
202312;ITAÚ ADM DE CONSÓRCIOS LTDA                                 ;4;AL;32
202312;ITAÚ ADM DE CONSÓRCIOS LTDA                                 ;1;AM;128
202312;ITAÚ ADM DE CONSÓRCIOS LTDA                                 ;2;AM;9
202312;ITAÚ ADM DE CONSÓRCIOS LTDA                                 ;3;AM;231
202312;ITAÚ ADM DE CONSÓRCIOS LTDA                                 ;4;AM;52
202312;ITAÚ ADM DE CONSÓRCIOS LTDA                                 ;1;AP;31
202312;ITAÚ ADM DE CONSÓRCIOS LTDA                                 ;2;AP;4
202312;ITAÚ ADM DE CONSÓRCIOS LTDA                                 ;3;AP;67
202312;ITAÚ ADM DE CONSÓRCIOS LTDA                                 ;4;AP;14
202312;ITAÚ ADM DE CONSÓRCIOS LTDA                                 ;1;BA;363
202312;ITAÚ ADM DE CONSÓRCIOS LTDA                                 ;2;BA;32
202312;ITAÚ ADM DE CONSÓRCIOS LTDA                                 ;3;BA;1770
202312;ITAÚ ADM DE CONSÓRCIOS LTDA                                 ;4;BA;164
202312;ITAÚ ADM DE CONSÓRCIOS LTDA                                 ;1;CE;127
202312;ITAÚ ADM DE CONSÓRCIOS LTDA                                 ;2;CE;2
202312;ITAÚ ADM DE CONSÓRCIOS LTDA                                 ;3;CE;1072
202312;ITAÚ ADM DE CONSÓRCIOS LTDA                                 ;4;CE;310
202312;ITAÚ ADM DE CONSÓRCIOS LTDA                                 ;1;DF;216
202312;ITAÚ ADM DE CONSÓRCIOS LTDA                                 ;2;DF;10
202312;ITAÚ ADM DE CONSÓRCIOS LTDA                                 ;3;DF;772
202312;ITAÚ ADM DE CONSÓRCIOS LTDA                                 ;4;DF;59
202312;ITAÚ ADM DE CONSÓRCIOS LTDA                                 ;1;ES;205
202312;ITAÚ ADM DE CONSÓRCIOS LTDA                                 ;2;ES;7
202312;ITAÚ ADM DE CONSÓRCIOS LTDA                                 ;3;ES;1433
202312;ITAÚ ADM DE CONSÓRCIOS LTDA                                 ;4;ES;84
202312;ITAÚ ADM DE CONSÓRCIOS LTDA                                 ;1;GO;511
202312;ITAÚ ADM DE CONSÓRCIOS LTDA                                 ;2;GO;36
202312;ITAÚ ADM DE CONSÓRCIOS LTDA                                 ;3;GO;3011
202312;ITAÚ ADM DE CONSÓRCIOS LTDA                                 ;4;GO;407
202312;ITAÚ ADM DE CONSÓRCIOS LTDA                                 ;1;MA;70
202312;ITAÚ ADM DE CONSÓRCIOS LTDA                                 ;2;MA;2
202312;ITAÚ ADM DE CONSÓRCIOS LTDA                                 ;3;MA;327
202312;ITAÚ ADM DE CONSÓRCIOS LTDA                                 ;4;MA;41
202312;ITAÚ ADM DE CONSÓRCIOS LTDA                                 ;1;MG;1234
202312;ITAÚ ADM DE CONSÓRCIOS LTDA                                 ;2;MG;40
202312;ITAÚ ADM DE CONSÓRCIOS LTDA                                 ;3;MG;5169
202312;ITAÚ ADM DE CONSÓRCIOS LTDA                                 ;4;MG;1499
202312;ITAÚ ADM DE CONSÓRCIOS LTDA                                 ;1;MS;98
202312;ITAÚ ADM DE CONSÓRCIOS LTDA                                 ;2;MS;3
202312;ITAÚ ADM DE CONSÓRCIOS LTDA                                 ;3;MS;395
202312;ITAÚ ADM DE CONSÓRCIOS LTDA                                 ;4;MS;40
202312;ITAÚ ADM DE CONSÓRCIOS LTDA                                 ;1;MT;105
202312;ITAÚ ADM DE CONSÓRCIOS LTDA                                 ;2;MT;4
202312;ITAÚ ADM DE CONSÓRCIOS LTDA                                 ;3;MT;2409
202312;ITAÚ ADM DE CONSÓRCIOS LTDA                                 ;4;MT;41
202312;ITAÚ ADM DE CONSÓRCIOS LTDA                                 ;1;PA;103
202312;ITAÚ ADM DE CONSÓRCIOS LTDA                                 ;2;PA;3
202312;ITAÚ ADM DE CONSÓRCIOS LTDA                                 ;3;PA;322
202312;ITAÚ ADM DE CONSÓRCIOS LTDA                                 ;4;PA;116
202312;ITAÚ ADM DE CONSÓRCIOS LTDA                                 ;1;PB;43
202312;ITAÚ ADM DE CONSÓRCIOS LTDA                                 ;2;PB;2
202312;ITAÚ ADM DE CONSÓRCIOS LTDA                                 ;3;PB;105
202312;ITAÚ ADM DE CONSÓRCIOS LTDA                                 ;4;PB;46
202312;ITAÚ ADM DE CONSÓRCIOS LTDA                                 ;1;PE;202
202312;ITAÚ ADM DE CONSÓRCIOS LTDA                                 ;2;PE;10
202312;ITAÚ ADM DE CONSÓRCIOS LTDA                                 ;3;PE;651
202312;ITAÚ ADM DE CONSÓRCIOS LTDA                                 ;4;PE;111
202312;ITAÚ ADM DE CONSÓRCIOS LTDA                                 ;1;PI;17
202312;ITAÚ ADM DE CONSÓRCIOS LTDA                                 ;2;PI;2
202312;ITAÚ ADM DE CONSÓRCIOS LTDA                                 ;3;PI;123
202312;ITAÚ ADM DE CONSÓRCIOS LTDA                                 ;4;PI;12
202312;ITAÚ ADM DE CONSÓRCIOS LTDA                                 ;1;PR;973
202312;ITAÚ ADM DE CONSÓRCIOS LTDA                                 ;2;PR;78
202312;ITAÚ ADM DE CONSÓRCIOS LTDA                                 ;3;PR;4287
202312;ITAÚ ADM DE CONSÓRCIOS LTDA                                 ;4;PR;824
202312;ITAÚ ADM DE CONSÓRCIOS LTDA                                 ;1;RJ;1578
202312;ITAÚ ADM DE CONSÓRCIOS LTDA                                 ;2;RJ;37
202312;ITAÚ ADM DE CONSÓRCIOS LTDA                                 ;3;RJ;4315
202312;ITAÚ ADM DE CONSÓRCIOS LTDA                                 ;4;RJ;2142
202312;ITAÚ ADM DE CONSÓRCIOS LTDA                                 ;1;RN;32
202312;ITAÚ ADM DE CONSÓRCIOS LTDA                                 ;2;RN;0
202312;ITAÚ ADM DE CONSÓRCIOS LTDA                                 ;3;RN;166
202312;ITAÚ ADM DE CONSÓRCIOS LTDA                                 ;4;RN;29
202312;ITAÚ ADM DE CONSÓRCIOS LTDA                                 ;1;RO;43
202312;ITAÚ ADM DE CONSÓRCIOS LTDA                                 ;2;RO;1
202312;ITAÚ ADM DE CONSÓRCIOS LTDA                                 ;3;RO;89
202312;ITAÚ ADM DE CONSÓRCIOS LTDA                                 ;4;RO;29
202312;ITAÚ ADM DE CONSÓRCIOS LTDA                                 ;1;RR;27
202312;ITAÚ ADM DE CONSÓRCIOS LTDA                                 ;2;RR;2
202312;ITAÚ ADM DE CONSÓRCIOS LTDA                                 ;3;RR;53
202312;ITAÚ ADM DE CONSÓRCIOS LTDA                                 ;4;RR;12
202312;ITAÚ ADM DE CONSÓRCIOS LTDA                                 ;1;RS;506
202312;ITAÚ ADM DE CONSÓRCIOS LTDA                                 ;2;RS;18
202312;ITAÚ ADM DE CONSÓRCIOS LTDA                                 ;3;RS;1238
202312;ITAÚ ADM DE CONSÓRCIOS LTDA                                 ;4;RS;559
202312;ITAÚ ADM DE CONSÓRCIOS LTDA                                 ;1;SC;351
202312;ITAÚ ADM DE CONSÓRCIOS LTDA                                 ;2;SC;8
202312;ITAÚ ADM DE CONSÓRCIOS LTDA                                 ;3;SC;836
202312;ITAÚ ADM DE CONSÓRCIOS LTDA                                 ;4;SC;195
202312;ITAÚ ADM DE CONSÓRCIOS LTDA                                 ;1;SE;16
202312;ITAÚ ADM DE CONSÓRCIOS LTDA                                 ;2;SE;1
202312;ITAÚ ADM DE CONSÓRCIOS LTDA                                 ;3;SE;100
202312;ITAÚ ADM DE CONSÓRCIOS LTDA                                 ;4;SE;45
202312;ITAÚ ADM DE CONSÓRCIOS LTDA                                 ;1;SP;4605
202312;ITAÚ ADM DE CONSÓRCIOS LTDA                                 ;2;SP;74
202312;ITAÚ ADM DE CONSÓRCIOS LTDA                                 ;3;SP;10922
202312;ITAÚ ADM DE CONSÓRCIOS LTDA                                 ;4;SP;2094
202312;ITAÚ ADM DE CONSÓRCIOS LTDA                                 ;1;TO;31
202312;ITAÚ ADM DE CONSÓRCIOS LTDA                                 ;2;TO;2
202312;ITAÚ ADM DE CONSÓRCIOS LTDA                                 ;3;TO;190
202312;ITAÚ ADM DE CONSÓRCIOS LTDA                                 ;4;TO;9
202312;CICAL ADM DE CONS LTDA                                      ;4;AP;0
202312;CICAL ADM DE CONS LTDA                                      ;3;BA;0
202312;CICAL ADM DE CONS LTDA                                      ;4;BA;0
202312;CICAL ADM DE CONS LTDA                                      ;3;DF;1
202312;CICAL ADM DE CONS LTDA                                      ;4;DF;0
202312;CICAL ADM DE CONS LTDA                                      ;3;GO;128
202312;CICAL ADM DE CONS LTDA                                      ;4;GO;20
202312;CICAL ADM DE CONS LTDA                                      ;3;MA;0
202312;CICAL ADM DE CONS LTDA                                      ;3;MG;1
202312;CICAL ADM DE CONS LTDA                                      ;4;MG;0
202312;CICAL ADM DE CONS LTDA                                      ;3;MS;0
202312;CICAL ADM DE CONS LTDA                                      ;4;MS;0
202312;CICAL ADM DE CONS LTDA                                      ;3;MT;0
202312;CICAL ADM DE CONS LTDA                                      ;4;MT;0
202312;CICAL ADM DE CONS LTDA                                      ;3;PA;1
202312;CICAL ADM DE CONS LTDA                                      ;4;PA;0
202312;CICAL ADM DE CONS LTDA                                      ;3;SP;1
202312;CICAL ADM DE CONS LTDA                                      ;3;TO;1
202312;CICAL ADM DE CONS LTDA                                      ;4;TO;0
202312;FERRAZ ADM E CONS LTDA                                      ;3;AC;0
202312;FERRAZ ADM E CONS LTDA                                      ;3;AP;0
202312;FERRAZ ADM E CONS LTDA                                      ;3;BA;0
202312;FERRAZ ADM E CONS LTDA                                      ;3;CE;0
202312;FERRAZ ADM E CONS LTDA                                      ;3;DF;96
202312;FERRAZ ADM E CONS LTDA                                      ;3;ES;0
202312;FERRAZ ADM E CONS LTDA                                      ;3;GO;3
202312;FERRAZ ADM E CONS LTDA                                      ;3;MA;0
202312;FERRAZ ADM E CONS LTDA                                      ;3;MG;0
202312;FERRAZ ADM E CONS LTDA                                      ;3;PE;0
202312;FERRAZ ADM E CONS LTDA                                      ;3;PI;0
202312;FERRAZ ADM E CONS LTDA                                      ;3;RJ;1
202312;FERRAZ ADM E CONS LTDA                                      ;3;SP;2
202312;FERRAZ ADM E CONS LTDA                                      ;3;TO;0
202312;FUNDACAO HAB. DO EXERCITO-FHE                               ;1;AC;0
202312;FUNDACAO HAB. DO EXERCITO-FHE                               ;3;AC;0
202312;FUNDACAO HAB. DO EXERCITO-FHE                               ;4;AC;0
202312;FUNDACAO HAB. DO EXERCITO-FHE                               ;6;AC;0
202312;FUNDACAO HAB. DO EXERCITO-FHE                               ;1;AL;0
202312;FUNDACAO HAB. DO EXERCITO-FHE                               ;3;AL;0
202312;FUNDACAO HAB. DO EXERCITO-FHE                               ;4;AL;0
202312;FUNDACAO HAB. DO EXERCITO-FHE                               ;6;AL;0
202312;FUNDACAO HAB. DO EXERCITO-FHE                               ;1;AM;2
202312;FUNDACAO HAB. DO EXERCITO-FHE                               ;3;AM;0
202312;FUNDACAO HAB. DO EXERCITO-FHE                               ;4;AM;0
202312;FUNDACAO HAB. DO EXERCITO-FHE                               ;6;AM;0
202312;FUNDACAO HAB. DO EXERCITO-FHE                               ;1;AP;0
202312;FUNDACAO HAB. DO EXERCITO-FHE                               ;3;AP;0
202312;FUNDACAO HAB. DO EXERCITO-FHE                               ;4;AP;0
202312;FUNDACAO HAB. DO EXERCITO-FHE                               ;6;AP;0
202312;FUNDACAO HAB. DO EXERCITO-FHE                               ;1;BA;6
202312;FUNDACAO HAB. DO EXERCITO-FHE                               ;3;BA;0
202312;FUNDACAO HAB. DO EXERCITO-FHE                               ;4;BA;0
202312;FUNDACAO HAB. DO EXERCITO-FHE                               ;6;BA;0
202312;FUNDACAO HAB. DO EXERCITO-FHE                               ;1;CE;3
202312;FUNDACAO HAB. DO EXERCITO-FHE                               ;3;CE;1
202312;FUNDACAO HAB. DO EXERCITO-FHE                               ;4;CE;1
202312;FUNDACAO HAB. DO EXERCITO-FHE                               ;6;CE;0
202312;FUNDACAO HAB. DO EXERCITO-FHE                               ;1;DF;79
202312;FUNDACAO HAB. DO EXERCITO-FHE                               ;3;DF;23
202312;FUNDACAO HAB. DO EXERCITO-FHE                               ;4;DF;18
202312;FUNDACAO HAB. DO EXERCITO-FHE                               ;6;DF;0
202312;FUNDACAO HAB. DO EXERCITO-FHE                               ;1;ES;1
202312;FUNDACAO HAB. DO EXERCITO-FHE                               ;3;ES;0
202312;FUNDACAO HAB. DO EXERCITO-FHE                               ;4;ES;1
202312;FUNDACAO HAB. DO EXERCITO-FHE                               ;6;ES;0
202312;FUNDACAO HAB. DO EXERCITO-FHE                               ;1;GO;6
202312;FUNDACAO HAB. DO EXERCITO-FHE                               ;3;GO;0
202312;FUNDACAO HAB. DO EXERCITO-FHE                               ;4;GO;2
202312;FUNDACAO HAB. DO EXERCITO-FHE                               ;6;GO;1
202312;FUNDACAO HAB. DO EXERCITO-FHE                               ;1;MA;1
202312;FUNDACAO HAB. DO EXERCITO-FHE                               ;3;MA;0
202312;FUNDACAO HAB. DO EXERCITO-FHE                               ;4;MA;0
202312;FUNDACAO HAB. DO EXERCITO-FHE                               ;6;MA;0
202312;FUNDACAO HAB. DO EXERCITO-FHE                               ;1;MG;9
202312;FUNDACAO HAB. DO EXERCITO-FHE                               ;3;MG;2
202312;FUNDACAO HAB. DO EXERCITO-FHE                               ;4;MG;6
202312;FUNDACAO HAB. DO EXERCITO-FHE                               ;6;MG;1
202312;FUNDACAO HAB. DO EXERCITO-FHE                               ;1;MS;4
202312;FUNDACAO HAB. DO EXERCITO-FHE                               ;3;MS;2
202312;FUNDACAO HAB. DO EXERCITO-FHE                               ;4;MS;0
202312;FUNDACAO HAB. DO EXERCITO-FHE                               ;6;MS;0
202312;FUNDACAO HAB. DO EXERCITO-FHE                               ;1;MT;7
202312;FUNDACAO HAB. DO EXERCITO-FHE                               ;3;MT;0
202312;FUNDACAO HAB. DO EXERCITO-FHE                               ;4;MT;0
202312;FUNDACAO HAB. DO EXERCITO-FHE                               ;6;MT;0
202312;FUNDACAO HAB. DO EXERCITO-FHE                               ;1;PA;7
202312;FUNDACAO HAB. DO EXERCITO-FHE                               ;3;PA;3
202312;FUNDACAO HAB. DO EXERCITO-FHE                               ;4;PA;4
202312;FUNDACAO HAB. DO EXERCITO-FHE                               ;6;PA;1
202312;FUNDACAO HAB. DO EXERCITO-FHE                               ;1;PB;2
202312;FUNDACAO HAB. DO EXERCITO-FHE                               ;3;PB;0
202312;FUNDACAO HAB. DO EXERCITO-FHE                               ;4;PB;1
202312;FUNDACAO HAB. DO EXERCITO-FHE                               ;6;PB;0
202312;FUNDACAO HAB. DO EXERCITO-FHE                               ;1;PE;12
202312;FUNDACAO HAB. DO EXERCITO-FHE                               ;3;PE;2
202312;FUNDACAO HAB. DO EXERCITO-FHE                               ;4;PE;0
202312;FUNDACAO HAB. DO EXERCITO-FHE                               ;6;PE;0
202312;FUNDACAO HAB. DO EXERCITO-FHE                               ;1;PI;0
202312;FUNDACAO HAB. DO EXERCITO-FHE                               ;3;PI;0
202312;FUNDACAO HAB. DO EXERCITO-FHE                               ;4;PI;0
202312;FUNDACAO HAB. DO EXERCITO-FHE                               ;6;PI;0
202312;FUNDACAO HAB. DO EXERCITO-FHE                               ;1;PR;19
202312;FUNDACAO HAB. DO EXERCITO-FHE                               ;3;PR;3
202312;FUNDACAO HAB. DO EXERCITO-FHE                               ;4;PR;0
202312;FUNDACAO HAB. DO EXERCITO-FHE                               ;6;PR;0
202312;FUNDACAO HAB. DO EXERCITO-FHE                               ;1;RJ;24
202312;FUNDACAO HAB. DO EXERCITO-FHE                               ;3;RJ;2
202312;FUNDACAO HAB. DO EXERCITO-FHE                               ;4;RJ;1
202312;FUNDACAO HAB. DO EXERCITO-FHE                               ;6;RJ;0
202312;FUNDACAO HAB. DO EXERCITO-FHE                               ;1;RN;4
202312;FUNDACAO HAB. DO EXERCITO-FHE                               ;3;RN;1
202312;FUNDACAO HAB. DO EXERCITO-FHE                               ;4;RN;0
202312;FUNDACAO HAB. DO EXERCITO-FHE                               ;6;RN;0
202312;FUNDACAO HAB. DO EXERCITO-FHE                               ;1;RO;0
202312;FUNDACAO HAB. DO EXERCITO-FHE                               ;3;RO;0
202312;FUNDACAO HAB. DO EXERCITO-FHE                               ;4;RO;0
202312;FUNDACAO HAB. DO EXERCITO-FHE                               ;6;RO;0
202312;FUNDACAO HAB. DO EXERCITO-FHE                               ;1;RR;1
202312;FUNDACAO HAB. DO EXERCITO-FHE                               ;3;RR;0
202312;FUNDACAO HAB. DO EXERCITO-FHE                               ;4;RR;0
202312;FUNDACAO HAB. DO EXERCITO-FHE                               ;6;RR;0
202312;FUNDACAO HAB. DO EXERCITO-FHE                               ;1;RS;50
202312;FUNDACAO HAB. DO EXERCITO-FHE                               ;3;RS;7
202312;FUNDACAO HAB. DO EXERCITO-FHE                               ;4;RS;6
202312;FUNDACAO HAB. DO EXERCITO-FHE                               ;6;RS;0
202312;FUNDACAO HAB. DO EXERCITO-FHE                               ;1;SC;2
202312;FUNDACAO HAB. DO EXERCITO-FHE                               ;3;SC;1
202312;FUNDACAO HAB. DO EXERCITO-FHE                               ;4;SC;5
202312;FUNDACAO HAB. DO EXERCITO-FHE                               ;6;SC;0
202312;FUNDACAO HAB. DO EXERCITO-FHE                               ;1;SE;1
202312;FUNDACAO HAB. DO EXERCITO-FHE                               ;3;SE;0
202312;FUNDACAO HAB. DO EXERCITO-FHE                               ;4;SE;0
202312;FUNDACAO HAB. DO EXERCITO-FHE                               ;6;SE;0
202312;FUNDACAO HAB. DO EXERCITO-FHE                               ;1;SP;15
202312;FUNDACAO HAB. DO EXERCITO-FHE                               ;3;SP;3
202312;FUNDACAO HAB. DO EXERCITO-FHE                               ;4;SP;1
202312;FUNDACAO HAB. DO EXERCITO-FHE                               ;6;SP;0
202312;FUNDACAO HAB. DO EXERCITO-FHE                               ;1;TO;0
202312;FUNDACAO HAB. DO EXERCITO-FHE                               ;3;TO;0
202312;FUNDACAO HAB. DO EXERCITO-FHE                               ;4;TO;0
202312;FUNDACAO HAB. DO EXERCITO-FHE                               ;6;TO;0
202312;DISBRAVE ADM CONS LTDA.                                     ;1;AC;0
202312;DISBRAVE ADM CONS LTDA.                                     ;3;AC;1
202312;DISBRAVE ADM CONS LTDA.                                     ;4;AC;0
202312;DISBRAVE ADM CONS LTDA.                                     ;1;AL;5
202312;DISBRAVE ADM CONS LTDA.                                     ;3;AL;1
202312;DISBRAVE ADM CONS LTDA.                                     ;4;AL;0
202312;DISBRAVE ADM CONS LTDA.                                     ;1;AM;1
202312;DISBRAVE ADM CONS LTDA.                                     ;3;AM;16
202312;DISBRAVE ADM CONS LTDA.                                     ;4;AM;0
202312;DISBRAVE ADM CONS LTDA.                                     ;1;AP;0
202312;DISBRAVE ADM CONS LTDA.                                     ;3;AP;0
202312;DISBRAVE ADM CONS LTDA.                                     ;4;AP;0
202312;DISBRAVE ADM CONS LTDA.                                     ;1;BA;64
202312;DISBRAVE ADM CONS LTDA.                                     ;3;BA;79
202312;DISBRAVE ADM CONS LTDA.                                     ;4;BA;0
202312;DISBRAVE ADM CONS LTDA.                                     ;1;CE;4
202312;DISBRAVE ADM CONS LTDA.                                     ;3;CE;109
202312;DISBRAVE ADM CONS LTDA.                                     ;4;CE;0
202312;DISBRAVE ADM CONS LTDA.                                     ;1;DF;74
202312;DISBRAVE ADM CONS LTDA.                                     ;3;DF;23
202312;DISBRAVE ADM CONS LTDA.                                     ;4;DF;0
202312;DISBRAVE ADM CONS LTDA.                                     ;1;ES;46
202312;DISBRAVE ADM CONS LTDA.                                     ;3;ES;32
202312;DISBRAVE ADM CONS LTDA.                                     ;4;ES;0
202312;DISBRAVE ADM CONS LTDA.                                     ;1;GO;66
202312;DISBRAVE ADM CONS LTDA.                                     ;3;GO;168
202312;DISBRAVE ADM CONS LTDA.                                     ;4;GO;0
202312;DISBRAVE ADM CONS LTDA.                                     ;1;MA;22
202312;DISBRAVE ADM CONS LTDA.                                     ;3;MA;65
202312;DISBRAVE ADM CONS LTDA.                                     ;4;MA;0
202312;DISBRAVE ADM CONS LTDA.                                     ;1;MG;139
202312;DISBRAVE ADM CONS LTDA.                                     ;3;MG;107
202312;DISBRAVE ADM CONS LTDA.                                     ;4;MG;0
202312;DISBRAVE ADM CONS LTDA.                                     ;1;MS;1
202312;DISBRAVE ADM CONS LTDA.                                     ;3;MS;17
202312;DISBRAVE ADM CONS LTDA.                                     ;4;MS;0
202312;DISBRAVE ADM CONS LTDA.                                     ;1;MT;11
202312;DISBRAVE ADM CONS LTDA.                                     ;3;MT;78
202312;DISBRAVE ADM CONS LTDA.                                     ;4;MT;0
202312;DISBRAVE ADM CONS LTDA.                                     ;1;PA;12
202312;DISBRAVE ADM CONS LTDA.                                     ;3;PA;7
202312;DISBRAVE ADM CONS LTDA.                                     ;4;PA;0
202312;DISBRAVE ADM CONS LTDA.                                     ;1;PB;1
202312;DISBRAVE ADM CONS LTDA.                                     ;3;PB;2
202312;DISBRAVE ADM CONS LTDA.                                     ;4;PB;0
202312;DISBRAVE ADM CONS LTDA.                                     ;1;PE;43
202312;DISBRAVE ADM CONS LTDA.                                     ;3;PE;41
202312;DISBRAVE ADM CONS LTDA.                                     ;4;PE;0
202312;DISBRAVE ADM CONS LTDA.                                     ;1;PI;1
202312;DISBRAVE ADM CONS LTDA.                                     ;3;PI;29
202312;DISBRAVE ADM CONS LTDA.                                     ;4;PI;0
202312;DISBRAVE ADM CONS LTDA.                                     ;1;PR;154
202312;DISBRAVE ADM CONS LTDA.                                     ;3;PR;276
202312;DISBRAVE ADM CONS LTDA.                                     ;4;PR;0
202312;DISBRAVE ADM CONS LTDA.                                     ;1;RJ;37
202312;DISBRAVE ADM CONS LTDA.                                     ;3;RJ;51
202312;DISBRAVE ADM CONS LTDA.                                     ;4;RJ;0
202312;DISBRAVE ADM CONS LTDA.                                     ;1;RN;1
202312;DISBRAVE ADM CONS LTDA.                                     ;3;RN;23
202312;DISBRAVE ADM CONS LTDA.                                     ;4;RN;0
202312;DISBRAVE ADM CONS LTDA.                                     ;1;RO;16
202312;DISBRAVE ADM CONS LTDA.                                     ;3;RO;49
202312;DISBRAVE ADM CONS LTDA.                                     ;4;RO;0
202312;DISBRAVE ADM CONS LTDA.                                     ;1;RR;9
202312;DISBRAVE ADM CONS LTDA.                                     ;3;RR;10
202312;DISBRAVE ADM CONS LTDA.                                     ;4;RR;0
202312;DISBRAVE ADM CONS LTDA.                                     ;1;RS;87
202312;DISBRAVE ADM CONS LTDA.                                     ;3;RS;47
202312;DISBRAVE ADM CONS LTDA.                                     ;4;RS;0
202312;DISBRAVE ADM CONS LTDA.                                     ;6;RS;0
202312;DISBRAVE ADM CONS LTDA.                                     ;1;SC;103
202312;DISBRAVE ADM CONS LTDA.                                     ;3;SC;66
202312;DISBRAVE ADM CONS LTDA.                                     ;4;SC;0
202312;DISBRAVE ADM CONS LTDA.                                     ;6;SC;0
202312;DISBRAVE ADM CONS LTDA.                                     ;1;SE;0
202312;DISBRAVE ADM CONS LTDA.                                     ;3;SE;4
202312;DISBRAVE ADM CONS LTDA.                                     ;4;SE;0
202312;DISBRAVE ADM CONS LTDA.                                     ;1;SP;231
202312;DISBRAVE ADM CONS LTDA.                                     ;3;SP;237
202312;DISBRAVE ADM CONS LTDA.                                     ;4;SP;25
202312;DISBRAVE ADM CONS LTDA.                                     ;1;TO;12
202312;DISBRAVE ADM CONS LTDA.                                     ;3;TO;7
202312;DISBRAVE ADM CONS LTDA.                                     ;4;TO;0
202312;BANCORBRÁS                                                  ;1;AC;1
202312;BANCORBRÁS                                                  ;3;AC;0
202312;BANCORBRÁS                                                  ;1;AL;1
202312;BANCORBRÁS                                                  ;3;AL;3
202312;BANCORBRÁS                                                  ;6;AL;0
202312;BANCORBRÁS                                                  ;1;AM;5
202312;BANCORBRÁS                                                  ;3;AM;5
202312;BANCORBRÁS                                                  ;6;AM;0
202312;BANCORBRÁS                                                  ;1;AP;0
202312;BANCORBRÁS                                                  ;3;AP;0
202312;BANCORBRÁS                                                  ;1;BA;17
202312;BANCORBRÁS                                                  ;3;BA;30
202312;BANCORBRÁS                                                  ;6;BA;5
202312;BANCORBRÁS                                                  ;1;CE;22
202312;BANCORBRÁS                                                  ;3;CE;106
202312;BANCORBRÁS                                                  ;6;CE;10
202312;BANCORBRÁS                                                  ;1;DF;479
202312;BANCORBRÁS                                                  ;3;DF;488
202312;BANCORBRÁS                                                  ;6;DF;50
202312;BANCORBRÁS                                                  ;1;ES;8
202312;BANCORBRÁS                                                  ;3;ES;8
202312;BANCORBRÁS                                                  ;6;ES;0
202312;BANCORBRÁS                                                  ;1;GO;142
202312;BANCORBRÁS                                                  ;3;GO;235
202312;BANCORBRÁS                                                  ;6;GO;25
202312;BANCORBRÁS                                                  ;1;MA;0
202312;BANCORBRÁS                                                  ;3;MA;6
202312;BANCORBRÁS                                                  ;6;MA;1
202312;BANCORBRÁS                                                  ;1;MG;82
202312;BANCORBRÁS                                                  ;3;MG;130
202312;BANCORBRÁS                                                  ;6;MG;18
202312;BANCORBRÁS                                                  ;1;MS;1
202312;BANCORBRÁS                                                  ;3;MS;8
202312;BANCORBRÁS                                                  ;6;MS;1
202312;BANCORBRÁS                                                  ;1;MT;6
202312;BANCORBRÁS                                                  ;3;MT;14
202312;BANCORBRÁS                                                  ;6;MT;6
202312;BANCORBRÁS                                                  ;1;PA;4
202312;BANCORBRÁS                                                  ;3;PA;6
202312;BANCORBRÁS                                                  ;6;PA;0
202312;BANCORBRÁS                                                  ;1;PB;9
202312;BANCORBRÁS                                                  ;3;PB;25
202312;BANCORBRÁS                                                  ;6;PB;3
202312;BANCORBRÁS                                                  ;1;PE;1
202312;BANCORBRÁS                                                  ;3;PE;9
202312;BANCORBRÁS                                                  ;6;PE;3
202312;BANCORBRÁS                                                  ;1;PI;1
202312;BANCORBRÁS                                                  ;3;PI;8
202312;BANCORBRÁS                                                  ;6;PI;7
202312;BANCORBRÁS                                                  ;1;PR;26
202312;BANCORBRÁS                                                  ;3;PR;29
202312;BANCORBRÁS                                                  ;6;PR;4
202312;BANCORBRÁS                                                  ;1;RJ;70
202312;BANCORBRÁS                                                  ;3;RJ;24
202312;BANCORBRÁS                                                  ;6;RJ;2
202312;BANCORBRÁS                                                  ;1;RN;0
202312;BANCORBRÁS                                                  ;3;RN;6
202312;BANCORBRÁS                                                  ;6;RN;5
202312;BANCORBRÁS                                                  ;1;RO;2
202312;BANCORBRÁS                                                  ;3;RO;2
202312;BANCORBRÁS                                                  ;6;RO;1
202312;BANCORBRÁS                                                  ;1;RR;0
202312;BANCORBRÁS                                                  ;3;RR;0
202312;BANCORBRÁS                                                  ;6;RR;3
202312;BANCORBRÁS                                                  ;1;RS;7
202312;BANCORBRÁS                                                  ;3;RS;26
202312;BANCORBRÁS                                                  ;6;RS;11
202312;BANCORBRÁS                                                  ;1;SC;18
202312;BANCORBRÁS                                                  ;3;SC;9
202312;BANCORBRÁS                                                  ;6;SC;2
202312;BANCORBRÁS                                                  ;1;SE;0
202312;BANCORBRÁS                                                  ;3;SE;2
202312;BANCORBRÁS                                                  ;6;SE;0
202312;BANCORBRÁS                                                  ;1;SP;61
202312;BANCORBRÁS                                                  ;3;SP;53
202312;BANCORBRÁS                                                  ;6;SP;16
202312;BANCORBRÁS                                                  ;1;TO;6
202312;BANCORBRÁS                                                  ;3;TO;4
202312;BANCORBRÁS                                                  ;6;TO;2
202312;IRMÃOS DE MARCO ADM CONS LTDA                               ;3;RS;0
202312;IRMÃOS DE MARCO ADM CONS LTDA                               ;3;SC;3
202312;IRMÃOS DE MARCO ADM CONS LTDA                               ;3;SP;0
202312;H. CONSÓRCIO                                                ;1;AL;0
202312;H. CONSÓRCIO                                                ;2;AM;0
202312;H. CONSÓRCIO                                                ;1;BA;0
202312;H. CONSÓRCIO                                                ;2;BA;0
202312;H. CONSÓRCIO                                                ;1;CE;0
202312;H. CONSÓRCIO                                                ;2;CE;0
202312;H. CONSÓRCIO                                                ;1;DF;0
202312;H. CONSÓRCIO                                                ;2;DF;0
202312;H. CONSÓRCIO                                                ;1;ES;0
202312;H. CONSÓRCIO                                                ;2;ES;0
202312;H. CONSÓRCIO                                                ;1;GO;0
202312;H. CONSÓRCIO                                                ;2;GO;0
202312;H. CONSÓRCIO                                                ;1;MA;0
202312;H. CONSÓRCIO                                                ;2;MA;0
202312;H. CONSÓRCIO                                                ;1;MG;0
202312;H. CONSÓRCIO                                                ;2;MG;0
202312;H. CONSÓRCIO                                                ;1;MS;0
202312;H. CONSÓRCIO                                                ;2;MS;0
202312;H. CONSÓRCIO                                                ;3;MS;0
202312;H. CONSÓRCIO                                                ;1;MT;0
202312;H. CONSÓRCIO                                                ;2;MT;0
202312;H. CONSÓRCIO                                                ;3;MT;0
202312;H. CONSÓRCIO                                                ;4;MT;0
202312;H. CONSÓRCIO                                                ;1;PA;0
202312;H. CONSÓRCIO                                                ;2;PA;0
202312;H. CONSÓRCIO                                                ;3;PA;0
202312;H. CONSÓRCIO                                                ;1;PB;0
202312;H. CONSÓRCIO                                                ;3;PB;0
202312;H. CONSÓRCIO                                                ;1;PE;0
202312;H. CONSÓRCIO                                                ;2;PE;0
202312;H. CONSÓRCIO                                                ;1;PR;0
202312;H. CONSÓRCIO                                                ;2;PR;0
202312;H. CONSÓRCIO                                                ;3;PR;0
202312;H. CONSÓRCIO                                                ;4;PR;0
202312;H. CONSÓRCIO                                                ;1;RJ;0
202312;H. CONSÓRCIO                                                ;2;RJ;0
202312;H. CONSÓRCIO                                                ;1;RN;0
202312;H. CONSÓRCIO                                                ;1;RO;0
202312;H. CONSÓRCIO                                                ;2;RO;0
202312;H. CONSÓRCIO                                                ;1;RS;0
202312;H. CONSÓRCIO                                                ;2;RS;0
202312;H. CONSÓRCIO                                                ;3;RS;0
202312;H. CONSÓRCIO                                                ;1;SC;0
202312;H. CONSÓRCIO                                                ;2;SC;0
202312;H. CONSÓRCIO                                                ;3;SC;0
202312;H. CONSÓRCIO                                                ;4;SC;0
202312;H. CONSÓRCIO                                                ;2;SE;0
202312;H. CONSÓRCIO                                                ;1;SP;0
202312;H. CONSÓRCIO                                                ;2;SP;0
202312;H. CONSÓRCIO                                                ;3;SP;0
202312;H. CONSÓRCIO                                                ;4;SP;0
202312;H. CONSÓRCIO                                                ;1;TO;0
202312;BRENNER ADM CONS LTDA                                       ;4;DF;0
202312;BRENNER ADM CONS LTDA                                       ;4;MS;0
202312;BRENNER ADM CONS LTDA                                       ;4;PA;0
202312;BRENNER ADM CONS LTDA                                       ;4;RN;0
202312;BRENNER ADM CONS LTDA                                       ;4;RS;161
202312;BRENNER ADM CONS LTDA                                       ;4;SC;0
202312;BRENNER ADM CONS LTDA                                       ;4;SP;0
202312;ÁPICE ADM DE CONSORCIO LTDA                                 ;2;BA;49
202312;ÁPICE ADM DE CONSORCIO LTDA                                 ;3;BA;0
202312;ÁPICE ADM DE CONSORCIO LTDA                                 ;2;CE;0
202312;ÁPICE ADM DE CONSORCIO LTDA                                 ;3;CE;0
202312;ÁPICE ADM DE CONSORCIO LTDA                                 ;2;DF;0
202312;ÁPICE ADM DE CONSORCIO LTDA                                 ;2;ES;2
202312;ÁPICE ADM DE CONSORCIO LTDA                                 ;2;GO;1
202312;ÁPICE ADM DE CONSORCIO LTDA                                 ;3;GO;0
202312;ÁPICE ADM DE CONSORCIO LTDA                                 ;2;MG;0
202312;ÁPICE ADM DE CONSORCIO LTDA                                 ;3;MG;1
202312;ÁPICE ADM DE CONSORCIO LTDA                                 ;2;MS;2
202312;ÁPICE ADM DE CONSORCIO LTDA                                 ;2;MT;0
202312;ÁPICE ADM DE CONSORCIO LTDA                                 ;2;PB;0
202312;ÁPICE ADM DE CONSORCIO LTDA                                 ;2;PE;0
202312;ÁPICE ADM DE CONSORCIO LTDA                                 ;2;PR;31
202312;ÁPICE ADM DE CONSORCIO LTDA                                 ;3;PR;0
202312;ÁPICE ADM DE CONSORCIO LTDA                                 ;2;RJ;3
202312;ÁPICE ADM DE CONSORCIO LTDA                                 ;2;RS;3
202312;ÁPICE ADM DE CONSORCIO LTDA                                 ;2;SC;4
202312;ÁPICE ADM DE CONSORCIO LTDA                                 ;3;SC;0
202312;ÁPICE ADM DE CONSORCIO LTDA                                 ;2;SE;4
202312;ÁPICE ADM DE CONSORCIO LTDA                                 ;2;SP;110
202312;ÁPICE ADM DE CONSORCIO LTDA                                 ;3;SP;7
202312;ÁPICE ADM DE CONSORCIO LTDA                                 ;2;TO;0
202312;ADM CONS BECKER LTDA                                        ;1;BA;0
202312;ADM CONS BECKER LTDA                                        ;6;BA;1
202312;ADM CONS BECKER LTDA                                        ;4;DF;0
202312;ADM CONS BECKER LTDA                                        ;6;DF;0
202312;ADM CONS BECKER LTDA                                        ;1;GO;0
202312;ADM CONS BECKER LTDA                                        ;6;GO;0
202312;ADM CONS BECKER LTDA                                        ;1;MS;0
202312;ADM CONS BECKER LTDA                                        ;1;MT;0
202312;ADM CONS BECKER LTDA                                        ;4;MT;0
202312;ADM CONS BECKER LTDA                                        ;5;MT;0
202312;ADM CONS BECKER LTDA                                        ;1;PA;0
202312;ADM CONS BECKER LTDA                                        ;1;PR;2
202312;ADM CONS BECKER LTDA                                        ;3;PR;2
202312;ADM CONS BECKER LTDA                                        ;4;PR;11
202312;ADM CONS BECKER LTDA                                        ;5;PR;11
202312;ADM CONS BECKER LTDA                                        ;6;PR;4
202312;ADM CONS BECKER LTDA                                        ;1;RJ;0
202312;ADM CONS BECKER LTDA                                        ;5;RJ;0
202312;ADM CONS BECKER LTDA                                        ;1;RS;41
202312;ADM CONS BECKER LTDA                                        ;3;RS;85
202312;ADM CONS BECKER LTDA                                        ;4;RS;145
202312;ADM CONS BECKER LTDA                                        ;5;RS;367
202312;ADM CONS BECKER LTDA                                        ;6;RS;95
202312;ADM CONS BECKER LTDA                                        ;1;SC;7
202312;ADM CONS BECKER LTDA                                        ;3;SC;4
202312;ADM CONS BECKER LTDA                                        ;4;SC;9
202312;ADM CONS BECKER LTDA                                        ;5;SC;28
202312;ADM CONS BECKER LTDA                                        ;6;SC;9
202312;ADM CONS BECKER LTDA                                        ;1;SP;0
202312;ADM CONS BECKER LTDA                                        ;4;SP;0
202312;ADM CONS BECKER LTDA                                        ;5;SP;0
202312;ADM CONS BECKER LTDA                                        ;6;SP;0
202312;APEC ADM CONSORCIO S/A                                      ;3;MG;6
202312;APEC ADM CONSORCIO S/A                                      ;3;RJ;0
202312;SOLUÇÃO ADM. DE CONSÓRCIOS LTD                              ;4;BA;0
202312;SOLUÇÃO ADM. DE CONSÓRCIOS LTD                              ;3;ES;17
202312;SOLUÇÃO ADM. DE CONSÓRCIOS LTD                              ;4;ES;576
202312;SOLUÇÃO ADM. DE CONSÓRCIOS LTD                              ;3;MG;0
202312;SOLUÇÃO ADM. DE CONSÓRCIOS LTD                              ;4;MG;2
202312;SOLUÇÃO ADM. DE CONSÓRCIOS LTD                              ;4;MT;0
202312;SOLUÇÃO ADM. DE CONSÓRCIOS LTD                              ;4;PR;0
202312;SOLUÇÃO ADM. DE CONSÓRCIOS LTD                              ;3;RJ;5
202312;SOLUÇÃO ADM. DE CONSÓRCIOS LTD                              ;4;RJ;316
202312;SOLUÇÃO ADM. DE CONSÓRCIOS LTD                              ;3;SC;0
202312;SOLUÇÃO ADM. DE CONSÓRCIOS LTD                              ;3;SP;0
202312;SOLUÇÃO ADM. DE CONSÓRCIOS LTD                              ;4;SP;1
202312;MULTIMARCAS ADM.CONS.LTDA.                                  ;1;AC;30
202312;MULTIMARCAS ADM.CONS.LTDA.                                  ;2;AC;1
202312;MULTIMARCAS ADM.CONS.LTDA.                                  ;3;AC;21
202312;MULTIMARCAS ADM.CONS.LTDA.                                  ;4;AC;14
202312;MULTIMARCAS ADM.CONS.LTDA.                                  ;6;AC;0
202312;MULTIMARCAS ADM.CONS.LTDA.                                  ;1;AL;120
202312;MULTIMARCAS ADM.CONS.LTDA.                                  ;2;AL;8
202312;MULTIMARCAS ADM.CONS.LTDA.                                  ;3;AL;102
202312;MULTIMARCAS ADM.CONS.LTDA.                                  ;4;AL;30
202312;MULTIMARCAS ADM.CONS.LTDA.                                  ;6;AL;11
202312;MULTIMARCAS ADM.CONS.LTDA.                                  ;1;AM;19
202312;MULTIMARCAS ADM.CONS.LTDA.                                  ;2;AM;0
202312;MULTIMARCAS ADM.CONS.LTDA.                                  ;3;AM;10
202312;MULTIMARCAS ADM.CONS.LTDA.                                  ;4;AM;2
202312;MULTIMARCAS ADM.CONS.LTDA.                                  ;6;AM;0
202312;MULTIMARCAS ADM.CONS.LTDA.                                  ;1;AP;0
202312;MULTIMARCAS ADM.CONS.LTDA.                                  ;2;AP;0
202312;MULTIMARCAS ADM.CONS.LTDA.                                  ;3;AP;1
202312;MULTIMARCAS ADM.CONS.LTDA.                                  ;4;AP;0
202312;MULTIMARCAS ADM.CONS.LTDA.                                  ;1;BA;262
202312;MULTIMARCAS ADM.CONS.LTDA.                                  ;2;BA;25
202312;MULTIMARCAS ADM.CONS.LTDA.                                  ;3;BA;417
202312;MULTIMARCAS ADM.CONS.LTDA.                                  ;4;BA;206
202312;MULTIMARCAS ADM.CONS.LTDA.                                  ;6;BA;2
202312;MULTIMARCAS ADM.CONS.LTDA.                                  ;1;CE;16
202312;MULTIMARCAS ADM.CONS.LTDA.                                  ;2;CE;12
202312;MULTIMARCAS ADM.CONS.LTDA.                                  ;3;CE;216
202312;MULTIMARCAS ADM.CONS.LTDA.                                  ;4;CE;174
202312;MULTIMARCAS ADM.CONS.LTDA.                                  ;6;CE;2
202312;MULTIMARCAS ADM.CONS.LTDA.                                  ;1;DF;98
202312;MULTIMARCAS ADM.CONS.LTDA.                                  ;2;DF;2
202312;MULTIMARCAS ADM.CONS.LTDA.                                  ;3;DF;6
202312;MULTIMARCAS ADM.CONS.LTDA.                                  ;4;DF;2
202312;MULTIMARCAS ADM.CONS.LTDA.                                  ;6;DF;0
202312;MULTIMARCAS ADM.CONS.LTDA.                                  ;1;ES;0
202312;MULTIMARCAS ADM.CONS.LTDA.                                  ;2;ES;2
202312;MULTIMARCAS ADM.CONS.LTDA.                                  ;3;ES;7
202312;MULTIMARCAS ADM.CONS.LTDA.                                  ;4;ES;2
202312;MULTIMARCAS ADM.CONS.LTDA.                                  ;6;ES;0
202312;MULTIMARCAS ADM.CONS.LTDA.                                  ;1;GO;27
202312;MULTIMARCAS ADM.CONS.LTDA.                                  ;2;GO;26
202312;MULTIMARCAS ADM.CONS.LTDA.                                  ;3;GO;75
202312;MULTIMARCAS ADM.CONS.LTDA.                                  ;4;GO;30
202312;MULTIMARCAS ADM.CONS.LTDA.                                  ;6;GO;0
202312;MULTIMARCAS ADM.CONS.LTDA.                                  ;1;MA;624
202312;MULTIMARCAS ADM.CONS.LTDA.                                  ;2;MA;23
202312;MULTIMARCAS ADM.CONS.LTDA.                                  ;3;MA;281
202312;MULTIMARCAS ADM.CONS.LTDA.                                  ;4;MA;47
202312;MULTIMARCAS ADM.CONS.LTDA.                                  ;6;MA;1
202312;MULTIMARCAS ADM.CONS.LTDA.                                  ;1;MG;80
202312;MULTIMARCAS ADM.CONS.LTDA.                                  ;2;MG;55
202312;MULTIMARCAS ADM.CONS.LTDA.                                  ;3;MG;127
202312;MULTIMARCAS ADM.CONS.LTDA.                                  ;4;MG;50
202312;MULTIMARCAS ADM.CONS.LTDA.                                  ;6;MG;3
202312;MULTIMARCAS ADM.CONS.LTDA.                                  ;1;MS;103
202312;MULTIMARCAS ADM.CONS.LTDA.                                  ;2;MS;4
202312;MULTIMARCAS ADM.CONS.LTDA.                                  ;3;MS;4
202312;MULTIMARCAS ADM.CONS.LTDA.                                  ;4;MS;1
202312;MULTIMARCAS ADM.CONS.LTDA.                                  ;6;MS;0
202312;MULTIMARCAS ADM.CONS.LTDA.                                  ;1;MT;9
202312;MULTIMARCAS ADM.CONS.LTDA.                                  ;2;MT;13
202312;MULTIMARCAS ADM.CONS.LTDA.                                  ;3;MT;68
202312;MULTIMARCAS ADM.CONS.LTDA.                                  ;4;MT;32
202312;MULTIMARCAS ADM.CONS.LTDA.                                  ;1;PA;146
202312;MULTIMARCAS ADM.CONS.LTDA.                                  ;2;PA;30
202312;MULTIMARCAS ADM.CONS.LTDA.                                  ;3;PA;320
202312;MULTIMARCAS ADM.CONS.LTDA.                                  ;4;PA;268
202312;MULTIMARCAS ADM.CONS.LTDA.                                  ;6;PA;1
202312;MULTIMARCAS ADM.CONS.LTDA.                                  ;1;PB;41
202312;MULTIMARCAS ADM.CONS.LTDA.                                  ;2;PB;3
202312;MULTIMARCAS ADM.CONS.LTDA.                                  ;3;PB;29
202312;MULTIMARCAS ADM.CONS.LTDA.                                  ;4;PB;7
202312;MULTIMARCAS ADM.CONS.LTDA.                                  ;6;PB;0
202312;MULTIMARCAS ADM.CONS.LTDA.                                  ;1;PE;168
202312;MULTIMARCAS ADM.CONS.LTDA.                                  ;2;PE;19
202312;MULTIMARCAS ADM.CONS.LTDA.                                  ;3;PE;131
202312;MULTIMARCAS ADM.CONS.LTDA.                                  ;4;PE;35
202312;MULTIMARCAS ADM.CONS.LTDA.                                  ;6;PE;27
202312;MULTIMARCAS ADM.CONS.LTDA.                                  ;1;PI;101
202312;MULTIMARCAS ADM.CONS.LTDA.                                  ;2;PI;9
202312;MULTIMARCAS ADM.CONS.LTDA.                                  ;3;PI;84
202312;MULTIMARCAS ADM.CONS.LTDA.                                  ;4;PI;25
202312;MULTIMARCAS ADM.CONS.LTDA.                                  ;6;PI;1
202312;MULTIMARCAS ADM.CONS.LTDA.                                  ;1;PR;19
202312;MULTIMARCAS ADM.CONS.LTDA.                                  ;2;PR;9
202312;MULTIMARCAS ADM.CONS.LTDA.                                  ;3;PR;45
202312;MULTIMARCAS ADM.CONS.LTDA.                                  ;4;PR;2
202312;MULTIMARCAS ADM.CONS.LTDA.                                  ;6;PR;0
202312;MULTIMARCAS ADM.CONS.LTDA.                                  ;1;RJ;2
202312;MULTIMARCAS ADM.CONS.LTDA.                                  ;2;RJ;5
202312;MULTIMARCAS ADM.CONS.LTDA.                                  ;3;RJ;10
202312;MULTIMARCAS ADM.CONS.LTDA.                                  ;4;RJ;2
202312;MULTIMARCAS ADM.CONS.LTDA.                                  ;6;RJ;0
202312;MULTIMARCAS ADM.CONS.LTDA.                                  ;1;RN;2
202312;MULTIMARCAS ADM.CONS.LTDA.                                  ;2;RN;0
202312;MULTIMARCAS ADM.CONS.LTDA.                                  ;3;RN;4
202312;MULTIMARCAS ADM.CONS.LTDA.                                  ;4;RN;2
202312;MULTIMARCAS ADM.CONS.LTDA.                                  ;6;RN;0
202312;MULTIMARCAS ADM.CONS.LTDA.                                  ;1;RO;1
202312;MULTIMARCAS ADM.CONS.LTDA.                                  ;2;RO;1
202312;MULTIMARCAS ADM.CONS.LTDA.                                  ;3;RO;0
202312;MULTIMARCAS ADM.CONS.LTDA.                                  ;4;RO;0
202312;MULTIMARCAS ADM.CONS.LTDA.                                  ;6;RO;0
202312;MULTIMARCAS ADM.CONS.LTDA.                                  ;1;RR;0
202312;MULTIMARCAS ADM.CONS.LTDA.                                  ;2;RR;0
202312;MULTIMARCAS ADM.CONS.LTDA.                                  ;3;RR;0
202312;MULTIMARCAS ADM.CONS.LTDA.                                  ;4;RR;0
202312;MULTIMARCAS ADM.CONS.LTDA.                                  ;1;RS;25
202312;MULTIMARCAS ADM.CONS.LTDA.                                  ;2;RS;10
202312;MULTIMARCAS ADM.CONS.LTDA.                                  ;3;RS;101
202312;MULTIMARCAS ADM.CONS.LTDA.                                  ;4;RS;3
202312;MULTIMARCAS ADM.CONS.LTDA.                                  ;6;RS;0
202312;MULTIMARCAS ADM.CONS.LTDA.                                  ;1;SC;17
202312;MULTIMARCAS ADM.CONS.LTDA.                                  ;2;SC;35
202312;MULTIMARCAS ADM.CONS.LTDA.                                  ;3;SC;21
202312;MULTIMARCAS ADM.CONS.LTDA.                                  ;4;SC;1
202312;MULTIMARCAS ADM.CONS.LTDA.                                  ;6;SC;1
202312;MULTIMARCAS ADM.CONS.LTDA.                                  ;1;SE;78
202312;MULTIMARCAS ADM.CONS.LTDA.                                  ;2;SE;6
202312;MULTIMARCAS ADM.CONS.LTDA.                                  ;3;SE;70
202312;MULTIMARCAS ADM.CONS.LTDA.                                  ;4;SE;59
202312;MULTIMARCAS ADM.CONS.LTDA.                                  ;6;SE;2
202312;MULTIMARCAS ADM.CONS.LTDA.                                  ;1;SP;580
202312;MULTIMARCAS ADM.CONS.LTDA.                                  ;2;SP;17
202312;MULTIMARCAS ADM.CONS.LTDA.                                  ;3;SP;75
202312;MULTIMARCAS ADM.CONS.LTDA.                                  ;4;SP;9
202312;MULTIMARCAS ADM.CONS.LTDA.                                  ;6;SP;0
202312;MULTIMARCAS ADM.CONS.LTDA.                                  ;1;TO;20
202312;MULTIMARCAS ADM.CONS.LTDA.                                  ;2;TO;2
202312;MULTIMARCAS ADM.CONS.LTDA.                                  ;3;TO;22
202312;MULTIMARCAS ADM.CONS.LTDA.                                  ;4;TO;2
202312;MULTIMARCAS ADM.CONS.LTDA.                                  ;6;TO;1
202312;MAGGI ADM CONS LTDA                                         ;1;AC;0
202312;MAGGI ADM CONS LTDA                                         ;2;AC;0
202312;MAGGI ADM CONS LTDA                                         ;3;AC;1
202312;MAGGI ADM CONS LTDA                                         ;1;AL;0
202312;MAGGI ADM CONS LTDA                                         ;2;AL;4
202312;MAGGI ADM CONS LTDA                                         ;3;AL;0
202312;MAGGI ADM CONS LTDA                                         ;1;AM;1
202312;MAGGI ADM CONS LTDA                                         ;2;AM;14
202312;MAGGI ADM CONS LTDA                                         ;3;AM;1
202312;MAGGI ADM CONS LTDA                                         ;2;AP;0
202312;MAGGI ADM CONS LTDA                                         ;3;AP;0
202312;MAGGI ADM CONS LTDA                                         ;1;BA;12
202312;MAGGI ADM CONS LTDA                                         ;2;BA;51
202312;MAGGI ADM CONS LTDA                                         ;3;BA;1
202312;MAGGI ADM CONS LTDA                                         ;1;CE;0
202312;MAGGI ADM CONS LTDA                                         ;2;CE;39
202312;MAGGI ADM CONS LTDA                                         ;3;CE;0
202312;MAGGI ADM CONS LTDA                                         ;1;DF;0
202312;MAGGI ADM CONS LTDA                                         ;2;DF;6
202312;MAGGI ADM CONS LTDA                                         ;3;DF;0
202312;MAGGI ADM CONS LTDA                                         ;1;ES;0
202312;MAGGI ADM CONS LTDA                                         ;2;ES;56
202312;MAGGI ADM CONS LTDA                                         ;3;ES;0
202312;MAGGI ADM CONS LTDA                                         ;1;GO;7
202312;MAGGI ADM CONS LTDA                                         ;2;GO;16
202312;MAGGI ADM CONS LTDA                                         ;3;GO;24
202312;MAGGI ADM CONS LTDA                                         ;1;MA;0
202312;MAGGI ADM CONS LTDA                                         ;2;MA;14
202312;MAGGI ADM CONS LTDA                                         ;3;MA;27
202312;MAGGI ADM CONS LTDA                                         ;1;MG;8
202312;MAGGI ADM CONS LTDA                                         ;2;MG;39
202312;MAGGI ADM CONS LTDA                                         ;3;MG;8
202312;MAGGI ADM CONS LTDA                                         ;1;MS;7
202312;MAGGI ADM CONS LTDA                                         ;2;MS;12
202312;MAGGI ADM CONS LTDA                                         ;3;MS;49
202312;MAGGI ADM CONS LTDA                                         ;1;MT;0
202312;MAGGI ADM CONS LTDA                                         ;2;MT;3
202312;MAGGI ADM CONS LTDA                                         ;3;MT;15
202312;MAGGI ADM CONS LTDA                                         ;1;PA;0
202312;MAGGI ADM CONS LTDA                                         ;2;PA;14
202312;MAGGI ADM CONS LTDA                                         ;3;PA;76
202312;MAGGI ADM CONS LTDA                                         ;1;PB;0
202312;MAGGI ADM CONS LTDA                                         ;2;PB;2
202312;MAGGI ADM CONS LTDA                                         ;3;PB;0
202312;MAGGI ADM CONS LTDA                                         ;1;PE;0
202312;MAGGI ADM CONS LTDA                                         ;2;PE;16
202312;MAGGI ADM CONS LTDA                                         ;3;PE;0
202312;MAGGI ADM CONS LTDA                                         ;1;PI;0
202312;MAGGI ADM CONS LTDA                                         ;2;PI;0
202312;MAGGI ADM CONS LTDA                                         ;3;PI;0
202312;MAGGI ADM CONS LTDA                                         ;1;PR;30
202312;MAGGI ADM CONS LTDA                                         ;2;PR;67
202312;MAGGI ADM CONS LTDA                                         ;3;PR;9
202312;MAGGI ADM CONS LTDA                                         ;1;RJ;2
202312;MAGGI ADM CONS LTDA                                         ;2;RJ;17
202312;MAGGI ADM CONS LTDA                                         ;3;RJ;4
202312;MAGGI ADM CONS LTDA                                         ;1;RN;0
202312;MAGGI ADM CONS LTDA                                         ;2;RN;32
202312;MAGGI ADM CONS LTDA                                         ;3;RN;17
202312;MAGGI ADM CONS LTDA                                         ;1;RO;0
202312;MAGGI ADM CONS LTDA                                         ;2;RO;0
202312;MAGGI ADM CONS LTDA                                         ;3;RO;18
202312;MAGGI ADM CONS LTDA                                         ;2;RR;18
202312;MAGGI ADM CONS LTDA                                         ;3;RR;0
202312;MAGGI ADM CONS LTDA                                         ;1;RS;89
202312;MAGGI ADM CONS LTDA                                         ;2;RS;69
202312;MAGGI ADM CONS LTDA                                         ;3;RS;8
202312;MAGGI ADM CONS LTDA                                         ;1;SC;183
202312;MAGGI ADM CONS LTDA                                         ;2;SC;70
202312;MAGGI ADM CONS LTDA                                         ;3;SC;12
202312;MAGGI ADM CONS LTDA                                         ;1;SE;0
202312;MAGGI ADM CONS LTDA                                         ;2;SE;32
202312;MAGGI ADM CONS LTDA                                         ;3;SE;0
202312;MAGGI ADM CONS LTDA                                         ;1;SP;57
202312;MAGGI ADM CONS LTDA                                         ;2;SP;177
202312;MAGGI ADM CONS LTDA                                         ;3;SP;273
202312;MAGGI ADM CONS LTDA                                         ;1;TO;0
202312;MAGGI ADM CONS LTDA                                         ;2;TO;1
202312;MAGGI ADM CONS LTDA                                         ;3;TO;54
202312;FRANCAUTO ADM CONS LTDA.                                    ;3;CE;0
202312;FRANCAUTO ADM CONS LTDA.                                    ;3;GO;0
202312;FRANCAUTO ADM CONS LTDA.                                    ;3;MG;8
202312;FRANCAUTO ADM CONS LTDA.                                    ;3;MS;0
202312;FRANCAUTO ADM CONS LTDA.                                    ;3;SP;20
202312;MOTOASA ADM. CONS. LTDA                                     ;4;AC;0
202312;MOTOASA ADM. CONS. LTDA                                     ;4;AL;0
202312;MOTOASA ADM. CONS. LTDA                                     ;4;AM;0
202312;MOTOASA ADM. CONS. LTDA                                     ;4;AP;0
202312;MOTOASA ADM. CONS. LTDA                                     ;4;BA;1
202312;MOTOASA ADM. CONS. LTDA                                     ;4;CE;0
202312;MOTOASA ADM. CONS. LTDA                                     ;4;DF;0
202312;MOTOASA ADM. CONS. LTDA                                     ;4;ES;0
202312;MOTOASA ADM. CONS. LTDA                                     ;4;GO;0
202312;MOTOASA ADM. CONS. LTDA                                     ;4;MA;0
202312;MOTOASA ADM. CONS. LTDA                                     ;4;MG;1
202312;MOTOASA ADM. CONS. LTDA                                     ;4;MS;0
202312;MOTOASA ADM. CONS. LTDA                                     ;4;MT;0
202312;MOTOASA ADM. CONS. LTDA                                     ;4;PA;0
202312;MOTOASA ADM. CONS. LTDA                                     ;4;PB;0
202312;MOTOASA ADM. CONS. LTDA                                     ;4;PE;0
202312;MOTOASA ADM. CONS. LTDA                                     ;4;PI;0
202312;MOTOASA ADM. CONS. LTDA                                     ;4;PR;3
202312;MOTOASA ADM. CONS. LTDA                                     ;4;RJ;0
202312;MOTOASA ADM. CONS. LTDA                                     ;4;RN;0
202312;MOTOASA ADM. CONS. LTDA                                     ;4;RO;0
202312;MOTOASA ADM. CONS. LTDA                                     ;4;RR;0
202312;MOTOASA ADM. CONS. LTDA                                     ;4;RS;0
202312;MOTOASA ADM. CONS. LTDA                                     ;4;SC;0
202312;MOTOASA ADM. CONS. LTDA                                     ;4;SE;0
202312;MOTOASA ADM. CONS. LTDA                                     ;4;SP;401
202312;MOTOASA ADM. CONS. LTDA                                     ;4;TO;0
202312;CNP CONSORCIO S.A. ADM CONS                                 ;1;AC;0
202312;CNP CONSORCIO S.A. ADM CONS                                 ;2;AC;0
202312;CNP CONSORCIO S.A. ADM CONS                                 ;3;AC;0
202312;CNP CONSORCIO S.A. ADM CONS                                 ;1;AL;1
202312;CNP CONSORCIO S.A. ADM CONS                                 ;2;AL;0
202312;CNP CONSORCIO S.A. ADM CONS                                 ;3;AL;0
202312;CNP CONSORCIO S.A. ADM CONS                                 ;1;AM;7
202312;CNP CONSORCIO S.A. ADM CONS                                 ;3;AM;0
202312;CNP CONSORCIO S.A. ADM CONS                                 ;1;AP;0
202312;CNP CONSORCIO S.A. ADM CONS                                 ;2;AP;0
202312;CNP CONSORCIO S.A. ADM CONS                                 ;3;AP;0
202312;CNP CONSORCIO S.A. ADM CONS                                 ;1;BA;10
202312;CNP CONSORCIO S.A. ADM CONS                                 ;2;BA;0
202312;CNP CONSORCIO S.A. ADM CONS                                 ;3;BA;8
202312;CNP CONSORCIO S.A. ADM CONS                                 ;1;CE;9
202312;CNP CONSORCIO S.A. ADM CONS                                 ;2;CE;0
202312;CNP CONSORCIO S.A. ADM CONS                                 ;3;CE;1
202312;CNP CONSORCIO S.A. ADM CONS                                 ;1;DF;91
202312;CNP CONSORCIO S.A. ADM CONS                                 ;2;DF;2
202312;CNP CONSORCIO S.A. ADM CONS                                 ;3;DF;51
202312;CNP CONSORCIO S.A. ADM CONS                                 ;1;ES;51
202312;CNP CONSORCIO S.A. ADM CONS                                 ;3;ES;6
202312;CNP CONSORCIO S.A. ADM CONS                                 ;1;GO;61
202312;CNP CONSORCIO S.A. ADM CONS                                 ;2;GO;0
202312;CNP CONSORCIO S.A. ADM CONS                                 ;3;GO;41
202312;CNP CONSORCIO S.A. ADM CONS                                 ;1;MA;14
202312;CNP CONSORCIO S.A. ADM CONS                                 ;2;MA;0
202312;CNP CONSORCIO S.A. ADM CONS                                 ;3;MA;31
202312;CNP CONSORCIO S.A. ADM CONS                                 ;1;MG;403
202312;CNP CONSORCIO S.A. ADM CONS                                 ;2;MG;4
202312;CNP CONSORCIO S.A. ADM CONS                                 ;3;MG;190
202312;CNP CONSORCIO S.A. ADM CONS                                 ;1;MS;10
202312;CNP CONSORCIO S.A. ADM CONS                                 ;3;MS;28
202312;CNP CONSORCIO S.A. ADM CONS                                 ;1;MT;39
202312;CNP CONSORCIO S.A. ADM CONS                                 ;2;MT;0
202312;CNP CONSORCIO S.A. ADM CONS                                 ;3;MT;9
202312;CNP CONSORCIO S.A. ADM CONS                                 ;1;PA;36
202312;CNP CONSORCIO S.A. ADM CONS                                 ;2;PA;0
202312;CNP CONSORCIO S.A. ADM CONS                                 ;3;PA;22
202312;CNP CONSORCIO S.A. ADM CONS                                 ;1;PB;0
202312;CNP CONSORCIO S.A. ADM CONS                                 ;2;PB;0
202312;CNP CONSORCIO S.A. ADM CONS                                 ;3;PB;0
202312;CNP CONSORCIO S.A. ADM CONS                                 ;1;PE;26
202312;CNP CONSORCIO S.A. ADM CONS                                 ;2;PE;0
202312;CNP CONSORCIO S.A. ADM CONS                                 ;3;PE;4
202312;CNP CONSORCIO S.A. ADM CONS                                 ;1;PI;1
202312;CNP CONSORCIO S.A. ADM CONS                                 ;2;PI;0
202312;CNP CONSORCIO S.A. ADM CONS                                 ;3;PI;24
202312;CNP CONSORCIO S.A. ADM CONS                                 ;1;PR;21
202312;CNP CONSORCIO S.A. ADM CONS                                 ;2;PR;0
202312;CNP CONSORCIO S.A. ADM CONS                                 ;3;PR;36
202312;CNP CONSORCIO S.A. ADM CONS                                 ;1;RJ;52
202312;CNP CONSORCIO S.A. ADM CONS                                 ;2;RJ;0
202312;CNP CONSORCIO S.A. ADM CONS                                 ;3;RJ;8
202312;CNP CONSORCIO S.A. ADM CONS                                 ;1;RN;0
202312;CNP CONSORCIO S.A. ADM CONS                                 ;2;RN;1
202312;CNP CONSORCIO S.A. ADM CONS                                 ;3;RN;0
202312;CNP CONSORCIO S.A. ADM CONS                                 ;1;RO;5
202312;CNP CONSORCIO S.A. ADM CONS                                 ;2;RO;0
202312;CNP CONSORCIO S.A. ADM CONS                                 ;3;RO;11
202312;CNP CONSORCIO S.A. ADM CONS                                 ;1;RR;0
202312;CNP CONSORCIO S.A. ADM CONS                                 ;3;RR;0
202312;CNP CONSORCIO S.A. ADM CONS                                 ;1;RS;47
202312;CNP CONSORCIO S.A. ADM CONS                                 ;2;RS;1
202312;CNP CONSORCIO S.A. ADM CONS                                 ;3;RS;1
202312;CNP CONSORCIO S.A. ADM CONS                                 ;1;SC;54
202312;CNP CONSORCIO S.A. ADM CONS                                 ;2;SC;0
202312;CNP CONSORCIO S.A. ADM CONS                                 ;3;SC;8
202312;CNP CONSORCIO S.A. ADM CONS                                 ;1;SE;1
202312;CNP CONSORCIO S.A. ADM CONS                                 ;3;SE;0
202312;CNP CONSORCIO S.A. ADM CONS                                 ;1;SP;501
202312;CNP CONSORCIO S.A. ADM CONS                                 ;2;SP;3
202312;CNP CONSORCIO S.A. ADM CONS                                 ;3;SP;355
202312;CNP CONSORCIO S.A. ADM CONS                                 ;1;TO;1
202312;CNP CONSORCIO S.A. ADM CONS                                 ;2;TO;0
202312;CNP CONSORCIO S.A. ADM CONS                                 ;3;TO;28
202312;NOVOTEMPO ADM CONS                                          ;2;AC;0
202312;NOVOTEMPO ADM CONS                                          ;2;AL;2
202312;NOVOTEMPO ADM CONS                                          ;2;BA;2
202312;NOVOTEMPO ADM CONS                                          ;4;BA;0
202312;NOVOTEMPO ADM CONS                                          ;2;CE;0
202312;NOVOTEMPO ADM CONS                                          ;2;DF;1
202312;NOVOTEMPO ADM CONS                                          ;2;ES;2
202312;NOVOTEMPO ADM CONS                                          ;4;ES;0
202312;NOVOTEMPO ADM CONS                                          ;2;GO;26
202312;NOVOTEMPO ADM CONS                                          ;2;MA;0
202312;NOVOTEMPO ADM CONS                                          ;2;MG;16
202312;NOVOTEMPO ADM CONS                                          ;4;MG;0
202312;NOVOTEMPO ADM CONS                                          ;2;MS;0
202312;NOVOTEMPO ADM CONS                                          ;2;MT;0
202312;NOVOTEMPO ADM CONS                                          ;4;MT;0
202312;NOVOTEMPO ADM CONS                                          ;2;PA;0
202312;NOVOTEMPO ADM CONS                                          ;2;PE;1
202312;NOVOTEMPO ADM CONS                                          ;2;PR;3
202312;NOVOTEMPO ADM CONS                                          ;4;PR;1
202312;NOVOTEMPO ADM CONS                                          ;2;RJ;0
202312;NOVOTEMPO ADM CONS                                          ;4;RJ;0
202312;NOVOTEMPO ADM CONS                                          ;2;RO;0
202312;NOVOTEMPO ADM CONS                                          ;2;RR;1
202312;NOVOTEMPO ADM CONS                                          ;2;RS;9
202312;NOVOTEMPO ADM CONS                                          ;4;RS;0
202312;NOVOTEMPO ADM CONS                                          ;2;SC;14
202312;NOVOTEMPO ADM CONS                                          ;4;SC;0
202312;NOVOTEMPO ADM CONS                                          ;2;SE;2
202312;NOVOTEMPO ADM CONS                                          ;2;SP;43
202312;NOVOTEMPO ADM CONS                                          ;4;SP;0
202312;NOVOTEMPO ADM CONS                                          ;2;TO;0
202312;TÁGIDE CONSÓRCIOS                                           ;1;AL;0
202312;TÁGIDE CONSÓRCIOS                                           ;3;AL;0
202312;TÁGIDE CONSÓRCIOS                                           ;4;AL;0
202312;TÁGIDE CONSÓRCIOS                                           ;1;AM;0
202312;TÁGIDE CONSÓRCIOS                                           ;3;AM;0
202312;TÁGIDE CONSÓRCIOS                                           ;4;AM;0
202312;TÁGIDE CONSÓRCIOS                                           ;3;AP;0
202312;TÁGIDE CONSÓRCIOS                                           ;4;AP;0
202312;TÁGIDE CONSÓRCIOS                                           ;1;BA;0
202312;TÁGIDE CONSÓRCIOS                                           ;3;BA;0
202312;TÁGIDE CONSÓRCIOS                                           ;4;BA;0
202312;TÁGIDE CONSÓRCIOS                                           ;1;CE;0
202312;TÁGIDE CONSÓRCIOS                                           ;3;CE;0
202312;TÁGIDE CONSÓRCIOS                                           ;4;CE;0
202312;TÁGIDE CONSÓRCIOS                                           ;1;DF;0
202312;TÁGIDE CONSÓRCIOS                                           ;3;DF;0
202312;TÁGIDE CONSÓRCIOS                                           ;1;ES;0
202312;TÁGIDE CONSÓRCIOS                                           ;3;ES;0
202312;TÁGIDE CONSÓRCIOS                                           ;1;GO;0
202312;TÁGIDE CONSÓRCIOS                                           ;3;GO;0
202312;TÁGIDE CONSÓRCIOS                                           ;4;GO;0
202312;TÁGIDE CONSÓRCIOS                                           ;3;MA;0
202312;TÁGIDE CONSÓRCIOS                                           ;4;MA;0
202312;TÁGIDE CONSÓRCIOS                                           ;1;MG;2
202312;TÁGIDE CONSÓRCIOS                                           ;3;MG;0
202312;TÁGIDE CONSÓRCIOS                                           ;4;MG;0
202312;TÁGIDE CONSÓRCIOS                                           ;3;MS;0
202312;TÁGIDE CONSÓRCIOS                                           ;1;MT;0
202312;TÁGIDE CONSÓRCIOS                                           ;3;MT;0
202312;TÁGIDE CONSÓRCIOS                                           ;4;MT;0
202312;TÁGIDE CONSÓRCIOS                                           ;1;PA;1
202312;TÁGIDE CONSÓRCIOS                                           ;3;PA;8
202312;TÁGIDE CONSÓRCIOS                                           ;4;PA;4
202312;TÁGIDE CONSÓRCIOS                                           ;1;PB;0
202312;TÁGIDE CONSÓRCIOS                                           ;3;PB;0
202312;TÁGIDE CONSÓRCIOS                                           ;4;PB;0
202312;TÁGIDE CONSÓRCIOS                                           ;1;PE;0
202312;TÁGIDE CONSÓRCIOS                                           ;3;PE;0
202312;TÁGIDE CONSÓRCIOS                                           ;4;PE;0
202312;TÁGIDE CONSÓRCIOS                                           ;3;PI;0
202312;TÁGIDE CONSÓRCIOS                                           ;4;PI;0
202312;TÁGIDE CONSÓRCIOS                                           ;1;PR;0
202312;TÁGIDE CONSÓRCIOS                                           ;3;PR;0
202312;TÁGIDE CONSÓRCIOS                                           ;1;RJ;0
202312;TÁGIDE CONSÓRCIOS                                           ;3;RJ;0
202312;TÁGIDE CONSÓRCIOS                                           ;4;RJ;0
202312;TÁGIDE CONSÓRCIOS                                           ;1;RN;0
202312;TÁGIDE CONSÓRCIOS                                           ;3;RN;0
202312;TÁGIDE CONSÓRCIOS                                           ;4;RN;0
202312;TÁGIDE CONSÓRCIOS                                           ;1;RR;0
202312;TÁGIDE CONSÓRCIOS                                           ;3;RR;0
202312;TÁGIDE CONSÓRCIOS                                           ;1;RS;0
202312;TÁGIDE CONSÓRCIOS                                           ;3;RS;0
202312;TÁGIDE CONSÓRCIOS                                           ;4;RS;0
202312;TÁGIDE CONSÓRCIOS                                           ;1;SC;0
202312;TÁGIDE CONSÓRCIOS                                           ;3;SC;0
202312;TÁGIDE CONSÓRCIOS                                           ;1;SE;0
202312;TÁGIDE CONSÓRCIOS                                           ;3;SE;0
202312;TÁGIDE CONSÓRCIOS                                           ;4;SE;0
202312;TÁGIDE CONSÓRCIOS                                           ;1;SP;0
202312;TÁGIDE CONSÓRCIOS                                           ;3;SP;1
202312;TÁGIDE CONSÓRCIOS                                           ;4;SP;0
202312;TÁGIDE CONSÓRCIOS                                           ;4;TO;0
202312;CONSORCIO NACIONAL NANUQUE                                  ;4;AL;0
202312;CONSORCIO NACIONAL NANUQUE                                  ;3;BA;148
202312;CONSORCIO NACIONAL NANUQUE                                  ;4;BA;89
202312;CONSORCIO NACIONAL NANUQUE                                  ;6;BA;0
202312;CONSORCIO NACIONAL NANUQUE                                  ;3;CE;0
202312;CONSORCIO NACIONAL NANUQUE                                  ;4;CE;0
202312;CONSORCIO NACIONAL NANUQUE                                  ;3;DF;0
202312;CONSORCIO NACIONAL NANUQUE                                  ;4;DF;0
202312;CONSORCIO NACIONAL NANUQUE                                  ;3;ES;27
202312;CONSORCIO NACIONAL NANUQUE                                  ;4;ES;32
202312;CONSORCIO NACIONAL NANUQUE                                  ;6;ES;1
202312;CONSORCIO NACIONAL NANUQUE                                  ;3;GO;0
202312;CONSORCIO NACIONAL NANUQUE                                  ;4;GO;0
202312;CONSORCIO NACIONAL NANUQUE                                  ;3;MA;0
202312;CONSORCIO NACIONAL NANUQUE                                  ;3;MG;143
202312;CONSORCIO NACIONAL NANUQUE                                  ;4;MG;126
202312;CONSORCIO NACIONAL NANUQUE                                  ;6;MG;1
202312;CONSORCIO NACIONAL NANUQUE                                  ;3;MS;0
202312;CONSORCIO NACIONAL NANUQUE                                  ;4;MS;0
202312;CONSORCIO NACIONAL NANUQUE                                  ;3;MT;0
202312;CONSORCIO NACIONAL NANUQUE                                  ;4;MT;0
202312;CONSORCIO NACIONAL NANUQUE                                  ;3;PE;0
202312;CONSORCIO NACIONAL NANUQUE                                  ;4;PE;0
202312;CONSORCIO NACIONAL NANUQUE                                  ;4;PI;0
202312;CONSORCIO NACIONAL NANUQUE                                  ;3;PR;0
202312;CONSORCIO NACIONAL NANUQUE                                  ;4;PR;0
202312;CONSORCIO NACIONAL NANUQUE                                  ;6;PR;0
202312;CONSORCIO NACIONAL NANUQUE                                  ;3;RJ;2
202312;CONSORCIO NACIONAL NANUQUE                                  ;4;RJ;0
202312;CONSORCIO NACIONAL NANUQUE                                  ;6;RN;0
202312;CONSORCIO NACIONAL NANUQUE                                  ;4;RS;0
202312;CONSORCIO NACIONAL NANUQUE                                  ;3;SC;0
202312;CONSORCIO NACIONAL NANUQUE                                  ;4;SC;0
202312;CONSORCIO NACIONAL NANUQUE                                  ;3;SE;0
202312;CONSORCIO NACIONAL NANUQUE                                  ;4;SE;0
202312;CONSORCIO NACIONAL NANUQUE                                  ;3;SP;0
202312;CONSORCIO NACIONAL NANUQUE                                  ;4;SP;1
202312;CONSORCIO NACIONAL NANUQUE                                  ;6;SP;0
202312;CONSORCIO NACIONAL NANUQUE                                  ;3;TO;0
202312;DESTAQUE ADM. CONS. LTDA                                    ;3;AL;0
202312;DESTAQUE ADM. CONS. LTDA                                    ;3;BA;0
202312;DESTAQUE ADM. CONS. LTDA                                    ;3;DF;1
202312;DESTAQUE ADM. CONS. LTDA                                    ;3;MG;0
202312;DESTAQUE ADM. CONS. LTDA                                    ;3;PI;0
202312;DESTAQUE ADM. CONS. LTDA                                    ;3;PR;0
202312;DESTAQUE ADM. CONS. LTDA                                    ;3;RJ;0
202312;DESTAQUE ADM. CONS. LTDA                                    ;3;SP;35
202312;BB CONSÓRCIOS                                               ;1;AC;59
202312;BB CONSÓRCIOS                                               ;2;AC;162
202312;BB CONSÓRCIOS                                               ;3;AC;183
202312;BB CONSÓRCIOS                                               ;4;AC;85
202312;BB CONSÓRCIOS                                               ;5;AC;13
202312;BB CONSÓRCIOS                                               ;6;AC;0
202312;BB CONSÓRCIOS                                               ;1;AL;205
202312;BB CONSÓRCIOS                                               ;2;AL;250
202312;BB CONSÓRCIOS                                               ;3;AL;590
202312;BB CONSÓRCIOS                                               ;4;AL;246
202312;BB CONSÓRCIOS                                               ;5;AL;121
202312;BB CONSÓRCIOS                                               ;6;AL;0
202312;BB CONSÓRCIOS                                               ;1;AM;357
202312;BB CONSÓRCIOS                                               ;2;AM;151
202312;BB CONSÓRCIOS                                               ;3;AM;289
202312;BB CONSÓRCIOS                                               ;4;AM;76
202312;BB CONSÓRCIOS                                               ;5;AM;54
202312;BB CONSÓRCIOS                                               ;6;AM;0
202312;BB CONSÓRCIOS                                               ;1;AP;260
202312;BB CONSÓRCIOS                                               ;2;AP;60
202312;BB CONSÓRCIOS                                               ;3;AP;164
202312;BB CONSÓRCIOS                                               ;4;AP;43
202312;BB CONSÓRCIOS                                               ;5;AP;57
202312;BB CONSÓRCIOS                                               ;6;AP;0
202312;BB CONSÓRCIOS                                               ;1;BA;1705
202312;BB CONSÓRCIOS                                               ;2;BA;1831
202312;BB CONSÓRCIOS                                               ;3;BA;4195
202312;BB CONSÓRCIOS                                               ;4;BA;1240
202312;BB CONSÓRCIOS                                               ;5;BA;278
202312;BB CONSÓRCIOS                                               ;6;BA;0
202312;BB CONSÓRCIOS                                               ;1;CE;767
202312;BB CONSÓRCIOS                                               ;2;CE;712
202312;BB CONSÓRCIOS                                               ;3;CE;1873
202312;BB CONSÓRCIOS                                               ;4;CE;365
202312;BB CONSÓRCIOS                                               ;5;CE;193
202312;BB CONSÓRCIOS                                               ;6;CE;0
202312;BB CONSÓRCIOS                                               ;1;DF;1250
202312;BB CONSÓRCIOS                                               ;2;DF;571
202312;BB CONSÓRCIOS                                               ;3;DF;1504
202312;BB CONSÓRCIOS                                               ;4;DF;204
202312;BB CONSÓRCIOS                                               ;5;DF;170
202312;BB CONSÓRCIOS                                               ;6;DF;0
202312;BB CONSÓRCIOS                                               ;1;ES;463
202312;BB CONSÓRCIOS                                               ;2;ES;808
202312;BB CONSÓRCIOS                                               ;3;ES;1095
202312;BB CONSÓRCIOS                                               ;4;ES;164
202312;BB CONSÓRCIOS                                               ;5;ES;77
202312;BB CONSÓRCIOS                                               ;6;ES;0
202312;BB CONSÓRCIOS                                               ;1;GO;1388
202312;BB CONSÓRCIOS                                               ;2;GO;1987
202312;BB CONSÓRCIOS                                               ;3;GO;2886
202312;BB CONSÓRCIOS                                               ;4;GO;493
202312;BB CONSÓRCIOS                                               ;5;GO;256
202312;BB CONSÓRCIOS                                               ;6;GO;0
202312;BB CONSÓRCIOS                                               ;1;MA;574
202312;BB CONSÓRCIOS                                               ;2;MA;1081
202312;BB CONSÓRCIOS                                               ;3;MA;1429
202312;BB CONSÓRCIOS                                               ;4;MA;390
202312;BB CONSÓRCIOS                                               ;5;MA;207
202312;BB CONSÓRCIOS                                               ;6;MA;0
202312;BB CONSÓRCIOS                                               ;1;MG;3531
202312;BB CONSÓRCIOS                                               ;2;MG;3396
202312;BB CONSÓRCIOS                                               ;3;MG;6033
202312;BB CONSÓRCIOS                                               ;4;MG;1178
202312;BB CONSÓRCIOS                                               ;5;MG;519
202312;BB CONSÓRCIOS                                               ;6;MG;0
202312;BB CONSÓRCIOS                                               ;1;MS;842
202312;BB CONSÓRCIOS                                               ;2;MS;1223
202312;BB CONSÓRCIOS                                               ;3;MS;1191
202312;BB CONSÓRCIOS                                               ;4;MS;200
202312;BB CONSÓRCIOS                                               ;5;MS;215
202312;BB CONSÓRCIOS                                               ;6;MS;0
202312;BB CONSÓRCIOS                                               ;1;MT;828
202312;BB CONSÓRCIOS                                               ;2;MT;1691
202312;BB CONSÓRCIOS                                               ;3;MT;1709
202312;BB CONSÓRCIOS                                               ;4;MT;301
202312;BB CONSÓRCIOS                                               ;5;MT;168
202312;BB CONSÓRCIOS                                               ;6;MT;0
202312;BB CONSÓRCIOS                                               ;1;PA;583
202312;BB CONSÓRCIOS                                               ;2;PA;865
202312;BB CONSÓRCIOS                                               ;3;PA;1322
202312;BB CONSÓRCIOS                                               ;4;PA;527
202312;BB CONSÓRCIOS                                               ;5;PA;177
202312;BB CONSÓRCIOS                                               ;6;PA;0
202312;BB CONSÓRCIOS                                               ;1;PB;621
202312;BB CONSÓRCIOS                                               ;2;PB;360
202312;BB CONSÓRCIOS                                               ;3;PB;816
202312;BB CONSÓRCIOS                                               ;4;PB;275
202312;BB CONSÓRCIOS                                               ;5;PB;107
202312;BB CONSÓRCIOS                                               ;6;PB;0
202312;BB CONSÓRCIOS                                               ;1;PE;975
202312;BB CONSÓRCIOS                                               ;2;PE;924
202312;BB CONSÓRCIOS                                               ;3;PE;1751
202312;BB CONSÓRCIOS                                               ;4;PE;455
202312;BB CONSÓRCIOS                                               ;5;PE;144
202312;BB CONSÓRCIOS                                               ;6;PE;0
202312;BB CONSÓRCIOS                                               ;1;PI;377
202312;BB CONSÓRCIOS                                               ;2;PI;624
202312;BB CONSÓRCIOS                                               ;3;PI;1065
202312;BB CONSÓRCIOS                                               ;4;PI;243
202312;BB CONSÓRCIOS                                               ;5;PI;129
202312;BB CONSÓRCIOS                                               ;6;PI;0
202312;BB CONSÓRCIOS                                               ;1;PR;2296
202312;BB CONSÓRCIOS                                               ;2;PR;2541
202312;BB CONSÓRCIOS                                               ;3;PR;3697
202312;BB CONSÓRCIOS                                               ;4;PR;571
202312;BB CONSÓRCIOS                                               ;5;PR;552
202312;BB CONSÓRCIOS                                               ;6;PR;0
202312;BB CONSÓRCIOS                                               ;1;RJ;1995
202312;BB CONSÓRCIOS                                               ;2;RJ;830
202312;BB CONSÓRCIOS                                               ;3;RJ;1822
202312;BB CONSÓRCIOS                                               ;4;RJ;386
202312;BB CONSÓRCIOS                                               ;5;RJ;620
202312;BB CONSÓRCIOS                                               ;6;RJ;0
202312;BB CONSÓRCIOS                                               ;1;RN;801
202312;BB CONSÓRCIOS                                               ;2;RN;372
202312;BB CONSÓRCIOS                                               ;3;RN;1033
202312;BB CONSÓRCIOS                                               ;4;RN;387
202312;BB CONSÓRCIOS                                               ;5;RN;157
202312;BB CONSÓRCIOS                                               ;6;RN;0
202312;BB CONSÓRCIOS                                               ;1;RO;473
202312;BB CONSÓRCIOS                                               ;2;RO;871
202312;BB CONSÓRCIOS                                               ;3;RO;636
202312;BB CONSÓRCIOS                                               ;4;RO;188
202312;BB CONSÓRCIOS                                               ;5;RO;37
202312;BB CONSÓRCIOS                                               ;6;RO;0
202312;BB CONSÓRCIOS                                               ;1;RR;144
202312;BB CONSÓRCIOS                                               ;2;RR;103
202312;BB CONSÓRCIOS                                               ;3;RR;210
202312;BB CONSÓRCIOS                                               ;4;RR;40
202312;BB CONSÓRCIOS                                               ;5;RR;15
202312;BB CONSÓRCIOS                                               ;6;RR;0
202312;BB CONSÓRCIOS                                               ;1;RS;1877
202312;BB CONSÓRCIOS                                               ;2;RS;2328
202312;BB CONSÓRCIOS                                               ;3;RS;3321
202312;BB CONSÓRCIOS                                               ;4;RS;413
202312;BB CONSÓRCIOS                                               ;5;RS;376
202312;BB CONSÓRCIOS                                               ;6;RS;0
202312;BB CONSÓRCIOS                                               ;1;SC;1933
202312;BB CONSÓRCIOS                                               ;2;SC;1655
202312;BB CONSÓRCIOS                                               ;3;SC;3099
202312;BB CONSÓRCIOS                                               ;4;SC;351
202312;BB CONSÓRCIOS                                               ;5;SC;374
202312;BB CONSÓRCIOS                                               ;6;SC;0
202312;BB CONSÓRCIOS                                               ;1;SE;132
202312;BB CONSÓRCIOS                                               ;2;SE;236
202312;BB CONSÓRCIOS                                               ;3;SE;507
202312;BB CONSÓRCIOS                                               ;4;SE;133
202312;BB CONSÓRCIOS                                               ;5;SE;54
202312;BB CONSÓRCIOS                                               ;6;SE;0
202312;BB CONSÓRCIOS                                               ;1;SP;9797
202312;BB CONSÓRCIOS                                               ;2;SP;4931
202312;BB CONSÓRCIOS                                               ;3;SP;11036
202312;BB CONSÓRCIOS                                               ;4;SP;2089
202312;BB CONSÓRCIOS                                               ;5;SP;2818
202312;BB CONSÓRCIOS                                               ;6;SP;0
202312;BB CONSÓRCIOS                                               ;1;TO;326
202312;BB CONSÓRCIOS                                               ;2;TO;577
202312;BB CONSÓRCIOS                                               ;3;TO;682
202312;BB CONSÓRCIOS                                               ;4;TO;138
202312;BB CONSÓRCIOS                                               ;5;TO;119
202312;BB CONSÓRCIOS                                               ;6;TO;0
202312;CONSORCIO GAZIN                                             ;1;AC;24
202312;CONSORCIO GAZIN                                             ;3;AC;126
202312;CONSORCIO GAZIN                                             ;4;AC;147
202312;CONSORCIO GAZIN                                             ;5;AC;114
202312;CONSORCIO GAZIN                                             ;6;AC;13
202312;CONSORCIO GAZIN                                             ;1;AL;0
202312;CONSORCIO GAZIN                                             ;3;AL;0
202312;CONSORCIO GAZIN                                             ;4;AL;0
202312;CONSORCIO GAZIN                                             ;5;AL;0
202312;CONSORCIO GAZIN                                             ;1;AM;10
202312;CONSORCIO GAZIN                                             ;3;AM;8
202312;CONSORCIO GAZIN                                             ;4;AM;27
202312;CONSORCIO GAZIN                                             ;5;AM;9
202312;CONSORCIO GAZIN                                             ;6;AM;2
202312;CONSORCIO GAZIN                                             ;1;AP;0
202312;CONSORCIO GAZIN                                             ;3;AP;0
202312;CONSORCIO GAZIN                                             ;4;AP;1
202312;CONSORCIO GAZIN                                             ;5;AP;2
202312;CONSORCIO GAZIN                                             ;1;BA;20
202312;CONSORCIO GAZIN                                             ;3;BA;29
202312;CONSORCIO GAZIN                                             ;4;BA;27
202312;CONSORCIO GAZIN                                             ;5;BA;2
202312;CONSORCIO GAZIN                                             ;6;BA;5
202312;CONSORCIO GAZIN                                             ;1;CE;1
202312;CONSORCIO GAZIN                                             ;3;CE;1
202312;CONSORCIO GAZIN                                             ;4;CE;1
202312;CONSORCIO GAZIN                                             ;5;CE;3
202312;CONSORCIO GAZIN                                             ;6;CE;0
202312;CONSORCIO GAZIN                                             ;1;DF;0
202312;CONSORCIO GAZIN                                             ;3;DF;1
202312;CONSORCIO GAZIN                                             ;4;DF;0
202312;CONSORCIO GAZIN                                             ;5;DF;0
202312;CONSORCIO GAZIN                                             ;6;DF;0
202312;CONSORCIO GAZIN                                             ;1;ES;0
202312;CONSORCIO GAZIN                                             ;3;ES;1
202312;CONSORCIO GAZIN                                             ;4;ES;0
202312;CONSORCIO GAZIN                                             ;5;ES;0
202312;CONSORCIO GAZIN                                             ;1;GO;11
202312;CONSORCIO GAZIN                                             ;3;GO;46
202312;CONSORCIO GAZIN                                             ;4;GO;23
202312;CONSORCIO GAZIN                                             ;5;GO;24
202312;CONSORCIO GAZIN                                             ;6;GO;1
202312;CONSORCIO GAZIN                                             ;1;MA;81
202312;CONSORCIO GAZIN                                             ;3;MA;30
202312;CONSORCIO GAZIN                                             ;4;MA;49
202312;CONSORCIO GAZIN                                             ;5;MA;2
202312;CONSORCIO GAZIN                                             ;6;MA;1
202312;CONSORCIO GAZIN                                             ;1;MG;170
202312;CONSORCIO GAZIN                                             ;3;MG;20
202312;CONSORCIO GAZIN                                             ;4;MG;57
202312;CONSORCIO GAZIN                                             ;5;MG;2
202312;CONSORCIO GAZIN                                             ;6;MG;6
202312;CONSORCIO GAZIN                                             ;1;MS;43
202312;CONSORCIO GAZIN                                             ;3;MS;199
202312;CONSORCIO GAZIN                                             ;4;MS;139
202312;CONSORCIO GAZIN                                             ;5;MS;157
202312;CONSORCIO GAZIN                                             ;6;MS;21
202312;CONSORCIO GAZIN                                             ;1;MT;225
202312;CONSORCIO GAZIN                                             ;3;MT;776
202312;CONSORCIO GAZIN                                             ;4;MT;456
202312;CONSORCIO GAZIN                                             ;5;MT;163
202312;CONSORCIO GAZIN                                             ;6;MT;37
202312;CONSORCIO GAZIN                                             ;1;PA;56
202312;CONSORCIO GAZIN                                             ;3;PA;89
202312;CONSORCIO GAZIN                                             ;4;PA;154
202312;CONSORCIO GAZIN                                             ;5;PA;127
202312;CONSORCIO GAZIN                                             ;6;PA;14
202312;CONSORCIO GAZIN                                             ;1;PB;0
202312;CONSORCIO GAZIN                                             ;3;PB;1
202312;CONSORCIO GAZIN                                             ;4;PB;0
202312;CONSORCIO GAZIN                                             ;6;PB;1
202312;CONSORCIO GAZIN                                             ;1;PE;5
202312;CONSORCIO GAZIN                                             ;3;PE;14
202312;CONSORCIO GAZIN                                             ;4;PE;17
202312;CONSORCIO GAZIN                                             ;5;PE;0
202312;CONSORCIO GAZIN                                             ;6;PE;2
202312;CONSORCIO GAZIN                                             ;1;PI;3
202312;CONSORCIO GAZIN                                             ;3;PI;0
202312;CONSORCIO GAZIN                                             ;4;PI;0
202312;CONSORCIO GAZIN                                             ;5;PI;0
202312;CONSORCIO GAZIN                                             ;6;PI;0
202312;CONSORCIO GAZIN                                             ;1;PR;34
202312;CONSORCIO GAZIN                                             ;3;PR;124
202312;CONSORCIO GAZIN                                             ;4;PR;133
202312;CONSORCIO GAZIN                                             ;5;PR;26
202312;CONSORCIO GAZIN                                             ;6;PR;4
202312;CONSORCIO GAZIN                                             ;1;RJ;7
202312;CONSORCIO GAZIN                                             ;3;RJ;0
202312;CONSORCIO GAZIN                                             ;4;RJ;1
202312;CONSORCIO GAZIN                                             ;5;RJ;0
202312;CONSORCIO GAZIN                                             ;1;RN;0
202312;CONSORCIO GAZIN                                             ;3;RN;0
202312;CONSORCIO GAZIN                                             ;4;RN;1
202312;CONSORCIO GAZIN                                             ;5;RN;2
202312;CONSORCIO GAZIN                                             ;6;RN;0
202312;CONSORCIO GAZIN                                             ;1;RO;93
202312;CONSORCIO GAZIN                                             ;3;RO;542
202312;CONSORCIO GAZIN                                             ;4;RO;339
202312;CONSORCIO GAZIN                                             ;5;RO;167
202312;CONSORCIO GAZIN                                             ;6;RO;33
202312;CONSORCIO GAZIN                                             ;1;RR;4
202312;CONSORCIO GAZIN                                             ;3;RR;1
202312;CONSORCIO GAZIN                                             ;4;RR;0
202312;CONSORCIO GAZIN                                             ;1;RS;28
202312;CONSORCIO GAZIN                                             ;3;RS;23
202312;CONSORCIO GAZIN                                             ;4;RS;47
202312;CONSORCIO GAZIN                                             ;5;RS;168
202312;CONSORCIO GAZIN                                             ;6;RS;5
202312;CONSORCIO GAZIN                                             ;1;SC;7
202312;CONSORCIO GAZIN                                             ;3;SC;9
202312;CONSORCIO GAZIN                                             ;4;SC;14
202312;CONSORCIO GAZIN                                             ;5;SC;3
202312;CONSORCIO GAZIN                                             ;6;SC;0
202312;CONSORCIO GAZIN                                             ;1;SE;15
202312;CONSORCIO GAZIN                                             ;3;SE;4
202312;CONSORCIO GAZIN                                             ;4;SE;11
202312;CONSORCIO GAZIN                                             ;1;SP;19
202312;CONSORCIO GAZIN                                             ;3;SP;26
202312;CONSORCIO GAZIN                                             ;4;SP;18
202312;CONSORCIO GAZIN                                             ;5;SP;12
202312;CONSORCIO GAZIN                                             ;6;SP;3
202312;CONSORCIO GAZIN                                             ;1;TO;4
202312;CONSORCIO GAZIN                                             ;3;TO;68
202312;CONSORCIO GAZIN                                             ;4;TO;44
202312;CONSORCIO GAZIN                                             ;5;TO;14
202312;CONSORCIO GAZIN                                             ;6;TO;2
202312;BRISA ADM CONSÓRCIOS                                        ;2;AP;0
202312;BRISA ADM CONSÓRCIOS                                        ;2;BA;3
202312;BRISA ADM CONSÓRCIOS                                        ;2;CE;1
202312;BRISA ADM CONSÓRCIOS                                        ;2;ES;1
202312;BRISA ADM CONSÓRCIOS                                        ;2;GO;4
202312;BRISA ADM CONSÓRCIOS                                        ;2;MA;0
202312;BRISA ADM CONSÓRCIOS                                        ;2;MG;10
202312;BRISA ADM CONSÓRCIOS                                        ;2;MS;33
202312;BRISA ADM CONSÓRCIOS                                        ;2;MT;17
202312;BRISA ADM CONSÓRCIOS                                        ;2;PA;4
202312;BRISA ADM CONSÓRCIOS                                        ;2;PB;0
202312;BRISA ADM CONSÓRCIOS                                        ;2;PE;2
202312;BRISA ADM CONSÓRCIOS                                        ;2;PI;3
202312;BRISA ADM CONSÓRCIOS                                        ;2;PR;22
202312;BRISA ADM CONSÓRCIOS                                        ;2;RJ;2
202312;BRISA ADM CONSÓRCIOS                                        ;2;RN;0
202312;BRISA ADM CONSÓRCIOS                                        ;2;RS;13
202312;BRISA ADM CONSÓRCIOS                                        ;2;SC;36
202312;BRISA ADM CONSÓRCIOS                                        ;2;SE;0
202312;BRISA ADM CONSÓRCIOS                                        ;2;SP;111
202312;BRISA ADM CONSÓRCIOS                                        ;2;TO;3
202312;BP                                                          ;2;AC;0
202312;BP                                                          ;3;AC;0
202312;BP                                                          ;1;AL;24
202312;BP                                                          ;2;AL;2
202312;BP                                                          ;3;AL;15
202312;BP                                                          ;1;AM;2
202312;BP                                                          ;2;AM;0
202312;BP                                                          ;3;AM;1
202312;BP                                                          ;1;AP;2
202312;BP                                                          ;3;AP;0
202312;BP                                                          ;1;BA;23
202312;BP                                                          ;2;BA;26
202312;BP                                                          ;3;BA;90
202312;BP                                                          ;1;CE;4
202312;BP                                                          ;2;CE;12
202312;BP                                                          ;3;CE;118
202312;BP                                                          ;1;DF;3
202312;BP                                                          ;2;DF;0
202312;BP                                                          ;3;DF;0
202312;BP                                                          ;4;DF;0
202312;BP                                                          ;1;ES;0
202312;BP                                                          ;2;ES;0
202312;BP                                                          ;3;ES;0
202312;BP                                                          ;4;ES;0
202312;BP                                                          ;1;GO;56
202312;BP                                                          ;2;GO;4
202312;BP                                                          ;3;GO;4
202312;BP                                                          ;1;MA;1
202312;BP                                                          ;2;MA;1
202312;BP                                                          ;3;MA;0
202312;BP                                                          ;1;MG;79
202312;BP                                                          ;2;MG;1
202312;BP                                                          ;3;MG;14
202312;BP                                                          ;4;MG;377
202312;BP                                                          ;1;MS;0
202312;BP                                                          ;3;MS;0
202312;BP                                                          ;1;MT;2
202312;BP                                                          ;2;MT;1
202312;BP                                                          ;3;MT;0
202312;BP                                                          ;4;MT;0
202312;BP                                                          ;1;PA;4
202312;BP                                                          ;2;PA;0
202312;BP                                                          ;3;PA;0
202312;BP                                                          ;1;PB;1
202312;BP                                                          ;2;PB;2
202312;BP                                                          ;3;PB;23
202312;BP                                                          ;4;PB;0
202312;BP                                                          ;1;PE;0
202312;BP                                                          ;2;PE;1
202312;BP                                                          ;3;PE;3
202312;BP                                                          ;1;PI;0
202312;BP                                                          ;2;PI;0
202312;BP                                                          ;3;PI;7
202312;BP                                                          ;1;PR;175
202312;BP                                                          ;2;PR;4
202312;BP                                                          ;3;PR;0
202312;BP                                                          ;1;RJ;0
202312;BP                                                          ;2;RJ;0
202312;BP                                                          ;3;RJ;0
202312;BP                                                          ;4;RJ;0
202312;BP                                                          ;1;RN;8
202312;BP                                                          ;2;RN;1
202312;BP                                                          ;3;RN;10
202312;BP                                                          ;1;RO;7
202312;BP                                                          ;2;RO;0
202312;BP                                                          ;3;RO;0
202312;BP                                                          ;4;RO;0
202312;BP                                                          ;3;RR;0
202312;BP                                                          ;1;RS;12
202312;BP                                                          ;2;RS;1
202312;BP                                                          ;3;RS;17
202312;BP                                                          ;4;RS;0
202312;BP                                                          ;1;SC;19
202312;BP                                                          ;2;SC;7
202312;BP                                                          ;3;SC;0
202312;BP                                                          ;1;SE;12
202312;BP                                                          ;2;SE;1
202312;BP                                                          ;3;SE;7
202312;BP                                                          ;1;SP;91
202312;BP                                                          ;2;SP;8
202312;BP                                                          ;3;SP;1
202312;BP                                                          ;4;SP;0
202312;BP                                                          ;1;TO;2
202312;BP                                                          ;2;TO;0
202312;BP                                                          ;3;TO;0
202312;FIEL CONSÓRCIOS                                             ;4;BA;0
202312;FIEL CONSÓRCIOS                                             ;4;ES;0
202312;FIEL CONSÓRCIOS                                             ;4;MG;29
202312;FIEL CONSÓRCIOS                                             ;4;RJ;264
202312;FIEL CONSÓRCIOS                                             ;4;SP;0
202312;CONBRAV ADM CONS LTDA                                       ;3;AL;0
202312;CONBRAV ADM CONS LTDA                                       ;3;CE;108
202312;CONBRAV ADM CONS LTDA                                       ;4;CE;311
202312;CONBRAV ADM CONS LTDA                                       ;4;GO;0
202312;CONBRAV ADM CONS LTDA                                       ;4;PB;1
202312;CONBRAV ADM CONS LTDA                                       ;3;PI;0
202312;CONBRAV ADM CONS LTDA                                       ;3;RJ;0
202312;CONBRAV ADM CONS LTDA                                       ;4;RJ;0
202312;CONBRAV ADM CONS LTDA                                       ;3;RN;0
202312;CONBRAV ADM CONS LTDA                                       ;4;RN;0
202312;CONBRAV ADM CONS LTDA                                       ;3;RO;0
202312;CONBRAV ADM CONS LTDA                                       ;4;RS;0
202312;CONBRAV ADM CONS LTDA                                       ;4;SP;1
202312;ADM CONS SICREDI LTDA                                       ;1;AC;12
202312;ADM CONS SICREDI LTDA                                       ;2;AC;8
202312;ADM CONS SICREDI LTDA                                       ;3;AC;58
202312;ADM CONS SICREDI LTDA                                       ;4;AC;15
202312;ADM CONS SICREDI LTDA                                       ;5;AC;0
202312;ADM CONS SICREDI LTDA                                       ;6;AC;17
202312;ADM CONS SICREDI LTDA                                       ;1;AL;11
202312;ADM CONS SICREDI LTDA                                       ;2;AL;1
202312;ADM CONS SICREDI LTDA                                       ;3;AL;37
202312;ADM CONS SICREDI LTDA                                       ;4;AL;10
202312;ADM CONS SICREDI LTDA                                       ;5;AL;0
202312;ADM CONS SICREDI LTDA                                       ;6;AL;3
202312;ADM CONS SICREDI LTDA                                       ;1;AM;9
202312;ADM CONS SICREDI LTDA                                       ;2;AM;2
202312;ADM CONS SICREDI LTDA                                       ;3;AM;25
202312;ADM CONS SICREDI LTDA                                       ;4;AM;3
202312;ADM CONS SICREDI LTDA                                       ;6;AM;0
202312;ADM CONS SICREDI LTDA                                       ;1;AP;2
202312;ADM CONS SICREDI LTDA                                       ;2;AP;3
202312;ADM CONS SICREDI LTDA                                       ;3;AP;7
202312;ADM CONS SICREDI LTDA                                       ;4;AP;0
202312;ADM CONS SICREDI LTDA                                       ;5;AP;0
202312;ADM CONS SICREDI LTDA                                       ;6;AP;6
202312;ADM CONS SICREDI LTDA                                       ;1;BA;12
202312;ADM CONS SICREDI LTDA                                       ;2;BA;19
202312;ADM CONS SICREDI LTDA                                       ;3;BA;101
202312;ADM CONS SICREDI LTDA                                       ;4;BA;14
202312;ADM CONS SICREDI LTDA                                       ;5;BA;0
202312;ADM CONS SICREDI LTDA                                       ;6;BA;17
202312;ADM CONS SICREDI LTDA                                       ;1;CE;20
202312;ADM CONS SICREDI LTDA                                       ;2;CE;12
202312;ADM CONS SICREDI LTDA                                       ;3;CE;91
202312;ADM CONS SICREDI LTDA                                       ;4;CE;10
202312;ADM CONS SICREDI LTDA                                       ;5;CE;0
202312;ADM CONS SICREDI LTDA                                       ;6;CE;1
202312;ADM CONS SICREDI LTDA                                       ;1;DF;10
202312;ADM CONS SICREDI LTDA                                       ;2;DF;1
202312;ADM CONS SICREDI LTDA                                       ;3;DF;27
202312;ADM CONS SICREDI LTDA                                       ;4;DF;4
202312;ADM CONS SICREDI LTDA                                       ;5;DF;0
202312;ADM CONS SICREDI LTDA                                       ;6;DF;2
202312;ADM CONS SICREDI LTDA                                       ;1;ES;10
202312;ADM CONS SICREDI LTDA                                       ;2;ES;25
202312;ADM CONS SICREDI LTDA                                       ;3;ES;144
202312;ADM CONS SICREDI LTDA                                       ;4;ES;18
202312;ADM CONS SICREDI LTDA                                       ;5;ES;0
202312;ADM CONS SICREDI LTDA                                       ;6;ES;5
202312;ADM CONS SICREDI LTDA                                       ;1;GO;53
202312;ADM CONS SICREDI LTDA                                       ;2;GO;39
202312;ADM CONS SICREDI LTDA                                       ;3;GO;327
202312;ADM CONS SICREDI LTDA                                       ;4;GO;25
202312;ADM CONS SICREDI LTDA                                       ;5;GO;7
202312;ADM CONS SICREDI LTDA                                       ;6;GO;37
202312;ADM CONS SICREDI LTDA                                       ;1;MA;5
202312;ADM CONS SICREDI LTDA                                       ;2;MA;3
202312;ADM CONS SICREDI LTDA                                       ;3;MA;15
202312;ADM CONS SICREDI LTDA                                       ;4;MA;7
202312;ADM CONS SICREDI LTDA                                       ;6;MA;0
202312;ADM CONS SICREDI LTDA                                       ;1;MG;124
202312;ADM CONS SICREDI LTDA                                       ;2;MG;68
202312;ADM CONS SICREDI LTDA                                       ;3;MG;719
202312;ADM CONS SICREDI LTDA                                       ;4;MG;122
202312;ADM CONS SICREDI LTDA                                       ;5;MG;7
202312;ADM CONS SICREDI LTDA                                       ;6;MG;89
202312;ADM CONS SICREDI LTDA                                       ;1;MS;140
202312;ADM CONS SICREDI LTDA                                       ;2;MS;80
202312;ADM CONS SICREDI LTDA                                       ;3;MS;524
202312;ADM CONS SICREDI LTDA                                       ;4;MS;72
202312;ADM CONS SICREDI LTDA                                       ;5;MS;1
202312;ADM CONS SICREDI LTDA                                       ;6;MS;272
202312;ADM CONS SICREDI LTDA                                       ;1;MT;148
202312;ADM CONS SICREDI LTDA                                       ;2;MT;196
202312;ADM CONS SICREDI LTDA                                       ;3;MT;1124
202312;ADM CONS SICREDI LTDA                                       ;4;MT;266
202312;ADM CONS SICREDI LTDA                                       ;5;MT;5
202312;ADM CONS SICREDI LTDA                                       ;6;MT;164
202312;ADM CONS SICREDI LTDA                                       ;1;PA;53
202312;ADM CONS SICREDI LTDA                                       ;2;PA;95
202312;ADM CONS SICREDI LTDA                                       ;3;PA;549
202312;ADM CONS SICREDI LTDA                                       ;4;PA;144
202312;ADM CONS SICREDI LTDA                                       ;5;PA;0
202312;ADM CONS SICREDI LTDA                                       ;6;PA;114
202312;ADM CONS SICREDI LTDA                                       ;1;PB;52
202312;ADM CONS SICREDI LTDA                                       ;2;PB;13
202312;ADM CONS SICREDI LTDA                                       ;3;PB;182
202312;ADM CONS SICREDI LTDA                                       ;4;PB;25
202312;ADM CONS SICREDI LTDA                                       ;5;PB;1
202312;ADM CONS SICREDI LTDA                                       ;6;PB;6
202312;ADM CONS SICREDI LTDA                                       ;1;PE;15
202312;ADM CONS SICREDI LTDA                                       ;2;PE;5
202312;ADM CONS SICREDI LTDA                                       ;3;PE;65
202312;ADM CONS SICREDI LTDA                                       ;4;PE;13
202312;ADM CONS SICREDI LTDA                                       ;5;PE;0
202312;ADM CONS SICREDI LTDA                                       ;6;PE;2
202312;ADM CONS SICREDI LTDA                                       ;1;PI;4
202312;ADM CONS SICREDI LTDA                                       ;2;PI;5
202312;ADM CONS SICREDI LTDA                                       ;3;PI;43
202312;ADM CONS SICREDI LTDA                                       ;4;PI;5
202312;ADM CONS SICREDI LTDA                                       ;5;PI;1
202312;ADM CONS SICREDI LTDA                                       ;6;PI;3
202312;ADM CONS SICREDI LTDA                                       ;1;PR;465
202312;ADM CONS SICREDI LTDA                                       ;2;PR;289
202312;ADM CONS SICREDI LTDA                                       ;3;PR;1952
202312;ADM CONS SICREDI LTDA                                       ;4;PR;455
202312;ADM CONS SICREDI LTDA                                       ;5;PR;13
202312;ADM CONS SICREDI LTDA                                       ;6;PR;1449
202312;ADM CONS SICREDI LTDA                                       ;1;RJ;59
202312;ADM CONS SICREDI LTDA                                       ;2;RJ;14
202312;ADM CONS SICREDI LTDA                                       ;3;RJ;121
202312;ADM CONS SICREDI LTDA                                       ;4;RJ;8
202312;ADM CONS SICREDI LTDA                                       ;6;RJ;55
202312;ADM CONS SICREDI LTDA                                       ;1;RN;36
202312;ADM CONS SICREDI LTDA                                       ;2;RN;7
202312;ADM CONS SICREDI LTDA                                       ;3;RN;71
202312;ADM CONS SICREDI LTDA                                       ;4;RN;3
202312;ADM CONS SICREDI LTDA                                       ;5;RN;0
202312;ADM CONS SICREDI LTDA                                       ;6;RN;2
202312;ADM CONS SICREDI LTDA                                       ;1;RO;4
202312;ADM CONS SICREDI LTDA                                       ;2;RO;6
202312;ADM CONS SICREDI LTDA                                       ;3;RO;59
202312;ADM CONS SICREDI LTDA                                       ;4;RO;6
202312;ADM CONS SICREDI LTDA                                       ;5;RO;0
202312;ADM CONS SICREDI LTDA                                       ;6;RO;7
202312;ADM CONS SICREDI LTDA                                       ;1;RR;3
202312;ADM CONS SICREDI LTDA                                       ;2;RR;1
202312;ADM CONS SICREDI LTDA                                       ;3;RR;6
202312;ADM CONS SICREDI LTDA                                       ;4;RR;0
202312;ADM CONS SICREDI LTDA                                       ;6;RR;0
202312;ADM CONS SICREDI LTDA                                       ;1;RS;638
202312;ADM CONS SICREDI LTDA                                       ;2;RS;314
202312;ADM CONS SICREDI LTDA                                       ;3;RS;2190
202312;ADM CONS SICREDI LTDA                                       ;4;RS;371
202312;ADM CONS SICREDI LTDA                                       ;5;RS;23
202312;ADM CONS SICREDI LTDA                                       ;6;RS;352
202312;ADM CONS SICREDI LTDA                                       ;1;SC;523
202312;ADM CONS SICREDI LTDA                                       ;2;SC;152
202312;ADM CONS SICREDI LTDA                                       ;3;SC;1554
202312;ADM CONS SICREDI LTDA                                       ;4;SC;313
202312;ADM CONS SICREDI LTDA                                       ;5;SC;27
202312;ADM CONS SICREDI LTDA                                       ;6;SC;578
202312;ADM CONS SICREDI LTDA                                       ;1;SE;10
202312;ADM CONS SICREDI LTDA                                       ;2;SE;2
202312;ADM CONS SICREDI LTDA                                       ;3;SE;19
202312;ADM CONS SICREDI LTDA                                       ;4;SE;2
202312;ADM CONS SICREDI LTDA                                       ;5;SE;0
202312;ADM CONS SICREDI LTDA                                       ;6;SE;0
202312;ADM CONS SICREDI LTDA                                       ;1;SP;356
202312;ADM CONS SICREDI LTDA                                       ;2;SP;160
202312;ADM CONS SICREDI LTDA                                       ;3;SP;1363
202312;ADM CONS SICREDI LTDA                                       ;4;SP;131
202312;ADM CONS SICREDI LTDA                                       ;5;SP;9
202312;ADM CONS SICREDI LTDA                                       ;6;SP;435
202312;ADM CONS SICREDI LTDA                                       ;1;TO;67
202312;ADM CONS SICREDI LTDA                                       ;2;TO;165
202312;ADM CONS SICREDI LTDA                                       ;3;TO;316
202312;ADM CONS SICREDI LTDA                                       ;4;TO;81
202312;ADM CONS SICREDI LTDA                                       ;5;TO;6
202312;ADM CONS SICREDI LTDA                                       ;6;TO;84
202312;ELDORADO ADM CONSORCIO                                      ;3;AL;0
202312;ELDORADO ADM CONSORCIO                                      ;4;AL;0
202312;ELDORADO ADM CONSORCIO                                      ;3;AM;0
202312;ELDORADO ADM CONSORCIO                                      ;1;BA;0
202312;ELDORADO ADM CONSORCIO                                      ;3;BA;0
202312;ELDORADO ADM CONSORCIO                                      ;4;BA;0
202312;ELDORADO ADM CONSORCIO                                      ;1;CE;0
202312;ELDORADO ADM CONSORCIO                                      ;3;CE;0
202312;ELDORADO ADM CONSORCIO                                      ;4;CE;2
202312;ELDORADO ADM CONSORCIO                                      ;6;CE;2
202312;ELDORADO ADM CONSORCIO                                      ;1;DF;0
202312;ELDORADO ADM CONSORCIO                                      ;3;DF;0
202312;ELDORADO ADM CONSORCIO                                      ;4;DF;0
202312;ELDORADO ADM CONSORCIO                                      ;6;DF;0
202312;ELDORADO ADM CONSORCIO                                      ;3;ES;0
202312;ELDORADO ADM CONSORCIO                                      ;3;GO;0
202312;ELDORADO ADM CONSORCIO                                      ;4;GO;0
202312;ELDORADO ADM CONSORCIO                                      ;3;MA;0
202312;ELDORADO ADM CONSORCIO                                      ;3;MG;1
202312;ELDORADO ADM CONSORCIO                                      ;4;MG;1
202312;ELDORADO ADM CONSORCIO                                      ;1;MS;0
202312;ELDORADO ADM CONSORCIO                                      ;3;MT;0
202312;ELDORADO ADM CONSORCIO                                      ;3;PA;0
202312;ELDORADO ADM CONSORCIO                                      ;6;PA;2
202312;ELDORADO ADM CONSORCIO                                      ;1;PB;1
202312;ELDORADO ADM CONSORCIO                                      ;3;PB;3
202312;ELDORADO ADM CONSORCIO                                      ;4;PB;1
202312;ELDORADO ADM CONSORCIO                                      ;6;PB;0
202312;ELDORADO ADM CONSORCIO                                      ;1;PE;0
202312;ELDORADO ADM CONSORCIO                                      ;3;PE;0
202312;ELDORADO ADM CONSORCIO                                      ;4;PE;0
202312;ELDORADO ADM CONSORCIO                                      ;6;PE;0
202312;ELDORADO ADM CONSORCIO                                      ;6;PI;0
202312;ELDORADO ADM CONSORCIO                                      ;1;PR;0
202312;ELDORADO ADM CONSORCIO                                      ;3;PR;0
202312;ELDORADO ADM CONSORCIO                                      ;4;PR;0
202312;ELDORADO ADM CONSORCIO                                      ;6;PR;0
202312;ELDORADO ADM CONSORCIO                                      ;1;RJ;0
202312;ELDORADO ADM CONSORCIO                                      ;3;RJ;0
202312;ELDORADO ADM CONSORCIO                                      ;4;RJ;0
202312;ELDORADO ADM CONSORCIO                                      ;1;RN;38
202312;ELDORADO ADM CONSORCIO                                      ;3;RN;152
202312;ELDORADO ADM CONSORCIO                                      ;4;RN;184
202312;ELDORADO ADM CONSORCIO                                      ;5;RN;0
202312;ELDORADO ADM CONSORCIO                                      ;6;RN;34
202312;ELDORADO ADM CONSORCIO                                      ;4;RR;0
202312;ELDORADO ADM CONSORCIO                                      ;1;RS;1
202312;ELDORADO ADM CONSORCIO                                      ;3;RS;0
202312;ELDORADO ADM CONSORCIO                                      ;3;SC;0
202312;ELDORADO ADM CONSORCIO                                      ;6;SC;0
202312;ELDORADO ADM CONSORCIO                                      ;3;SE;0
202312;ELDORADO ADM CONSORCIO                                      ;1;SP;0
202312;ELDORADO ADM CONSORCIO                                      ;3;SP;8
202312;ELDORADO ADM CONSORCIO                                      ;4;SP;1
202312;ELDORADO ADM CONSORCIO                                      ;6;SP;1
202312;PROMOVE                                                     ;1;AC;0
202312;PROMOVE                                                     ;2;AC;0
202312;PROMOVE                                                     ;3;AC;0
202312;PROMOVE                                                     ;4;AC;0
202312;PROMOVE                                                     ;1;AL;18
202312;PROMOVE                                                     ;2;AL;2
202312;PROMOVE                                                     ;3;AL;36
202312;PROMOVE                                                     ;4;AL;5
202312;PROMOVE                                                     ;1;AM;0
202312;PROMOVE                                                     ;3;AM;0
202312;PROMOVE                                                     ;4;AM;0
202312;PROMOVE                                                     ;1;AP;10
202312;PROMOVE                                                     ;2;AP;2
202312;PROMOVE                                                     ;3;AP;44
202312;PROMOVE                                                     ;4;AP;23
202312;PROMOVE                                                     ;1;BA;55
202312;PROMOVE                                                     ;2;BA;32
202312;PROMOVE                                                     ;3;BA;341
202312;PROMOVE                                                     ;4;BA;63
202312;PROMOVE                                                     ;1;CE;2
202312;PROMOVE                                                     ;2;CE;6
202312;PROMOVE                                                     ;3;CE;77
202312;PROMOVE                                                     ;4;CE;9
202312;PROMOVE                                                     ;2;DF;3
202312;PROMOVE                                                     ;3;DF;0
202312;PROMOVE                                                     ;4;DF;0
202312;PROMOVE                                                     ;1;ES;25
202312;PROMOVE                                                     ;2;ES;1
202312;PROMOVE                                                     ;3;ES;4
202312;PROMOVE                                                     ;4;ES;0
202312;PROMOVE                                                     ;1;GO;0
202312;PROMOVE                                                     ;2;GO;7
202312;PROMOVE                                                     ;3;GO;14
202312;PROMOVE                                                     ;4;GO;0
202312;PROMOVE                                                     ;1;MA;0
202312;PROMOVE                                                     ;2;MA;3
202312;PROMOVE                                                     ;3;MA;19
202312;PROMOVE                                                     ;4;MA;2
202312;PROMOVE                                                     ;1;MG;20
202312;PROMOVE                                                     ;2;MG;26
202312;PROMOVE                                                     ;3;MG;53
202312;PROMOVE                                                     ;4;MG;4
202312;PROMOVE                                                     ;1;MS;5
202312;PROMOVE                                                     ;2;MS;4
202312;PROMOVE                                                     ;3;MS;66
202312;PROMOVE                                                     ;4;MS;33
202312;PROMOVE                                                     ;1;MT;0
202312;PROMOVE                                                     ;2;MT;5
202312;PROMOVE                                                     ;3;MT;6
202312;PROMOVE                                                     ;4;MT;0
202312;PROMOVE                                                     ;1;PA;3
202312;PROMOVE                                                     ;2;PA;19
202312;PROMOVE                                                     ;3;PA;299
202312;PROMOVE                                                     ;4;PA;0
202312;PROMOVE                                                     ;1;PB;0
202312;PROMOVE                                                     ;2;PB;0
202312;PROMOVE                                                     ;3;PB;5
202312;PROMOVE                                                     ;4;PB;3
202312;PROMOVE                                                     ;1;PE;30
202312;PROMOVE                                                     ;2;PE;7
202312;PROMOVE                                                     ;3;PE;73
202312;PROMOVE                                                     ;4;PE;14
202312;PROMOVE                                                     ;1;PI;0
202312;PROMOVE                                                     ;2;PI;3
202312;PROMOVE                                                     ;3;PI;6
202312;PROMOVE                                                     ;4;PI;0
202312;PROMOVE                                                     ;1;PR;87
202312;PROMOVE                                                     ;2;PR;11
202312;PROMOVE                                                     ;3;PR;15
202312;PROMOVE                                                     ;4;PR;3
202312;PROMOVE                                                     ;1;RJ;0
202312;PROMOVE                                                     ;2;RJ;4
202312;PROMOVE                                                     ;3;RJ;155
202312;PROMOVE                                                     ;4;RJ;0
202312;PROMOVE                                                     ;1;RN;40
202312;PROMOVE                                                     ;2;RN;4
202312;PROMOVE                                                     ;3;RN;128
202312;PROMOVE                                                     ;4;RN;28
202312;PROMOVE                                                     ;1;RO;1
202312;PROMOVE                                                     ;2;RO;6
202312;PROMOVE                                                     ;3;RO;0
202312;PROMOVE                                                     ;1;RR;41
202312;PROMOVE                                                     ;2;RR;6
202312;PROMOVE                                                     ;3;RR;4
202312;PROMOVE                                                     ;4;RR;0
202312;PROMOVE                                                     ;1;RS;21
202312;PROMOVE                                                     ;2;RS;2
202312;PROMOVE                                                     ;3;RS;2
202312;PROMOVE                                                     ;1;SC;4
202312;PROMOVE                                                     ;2;SC;6
202312;PROMOVE                                                     ;3;SC;8
202312;PROMOVE                                                     ;4;SC;6
202312;PROMOVE                                                     ;1;SE;1
202312;PROMOVE                                                     ;2;SE;0
202312;PROMOVE                                                     ;3;SE;8
202312;PROMOVE                                                     ;4;SE;7
202312;PROMOVE                                                     ;1;SP;12
202312;PROMOVE                                                     ;2;SP;33
202312;PROMOVE                                                     ;3;SP;486
202312;PROMOVE                                                     ;4;SP;1
202312;PROMOVE                                                     ;1;TO;8
202312;PROMOVE                                                     ;2;TO;0
202312;PROMOVE                                                     ;3;TO;18
202312;PROMOVE                                                     ;4;TO;0
202312;FANCAR ADM CONS LTDA.                                       ;3;AL;0
202312;FANCAR ADM CONS LTDA.                                       ;3;BA;0
202312;FANCAR ADM CONS LTDA.                                       ;3;GO;0
202312;FANCAR ADM CONS LTDA.                                       ;3;MA;0
202312;FANCAR ADM CONS LTDA.                                       ;3;MG;0
202312;FANCAR ADM CONS LTDA.                                       ;3;MS;1
202312;FANCAR ADM CONS LTDA.                                       ;3;MT;29
202312;FANCAR ADM CONS LTDA.                                       ;3;PA;0
202312;FANCAR ADM CONS LTDA.                                       ;3;PE;1
202312;FANCAR ADM CONS LTDA.                                       ;3;PR;66
202312;FANCAR ADM CONS LTDA.                                       ;3;RJ;0
202312;FANCAR ADM CONS LTDA.                                       ;3;RN;0
202312;FANCAR ADM CONS LTDA.                                       ;3;RO;0
202312;FANCAR ADM CONS LTDA.                                       ;3;RS;0
202312;FANCAR ADM CONS LTDA.                                       ;3;SC;0
202312;FANCAR ADM CONS LTDA.                                       ;3;SP;0
202312;ADM CONS UNICOOB LTDA                                       ;1;AC;0
202312;ADM CONS UNICOOB LTDA                                       ;3;AC;0
202312;ADM CONS UNICOOB LTDA                                       ;1;AL;0
202312;ADM CONS UNICOOB LTDA                                       ;1;AM;0
202312;ADM CONS UNICOOB LTDA                                       ;3;AM;0
202312;ADM CONS UNICOOB LTDA                                       ;1;AP;18
202312;ADM CONS UNICOOB LTDA                                       ;3;AP;11
202312;ADM CONS UNICOOB LTDA                                       ;4;AP;1
202312;ADM CONS UNICOOB LTDA                                       ;6;AP;8
202312;ADM CONS UNICOOB LTDA                                       ;1;BA;0
202312;ADM CONS UNICOOB LTDA                                       ;3;BA;1
202312;ADM CONS UNICOOB LTDA                                       ;4;BA;0
202312;ADM CONS UNICOOB LTDA                                       ;6;BA;0
202312;ADM CONS UNICOOB LTDA                                       ;1;CE;0
202312;ADM CONS UNICOOB LTDA                                       ;3;CE;0
202312;ADM CONS UNICOOB LTDA                                       ;4;CE;0
202312;ADM CONS UNICOOB LTDA                                       ;6;CE;0
202312;ADM CONS UNICOOB LTDA                                       ;1;DF;0
202312;ADM CONS UNICOOB LTDA                                       ;3;DF;0
202312;ADM CONS UNICOOB LTDA                                       ;4;DF;0
202312;ADM CONS UNICOOB LTDA                                       ;6;DF;0
202312;ADM CONS UNICOOB LTDA                                       ;1;ES;0
202312;ADM CONS UNICOOB LTDA                                       ;3;ES;0
202312;ADM CONS UNICOOB LTDA                                       ;1;GO;0
202312;ADM CONS UNICOOB LTDA                                       ;3;GO;1
202312;ADM CONS UNICOOB LTDA                                       ;4;GO;1
202312;ADM CONS UNICOOB LTDA                                       ;6;GO;0
202312;ADM CONS UNICOOB LTDA                                       ;1;MA;0
202312;ADM CONS UNICOOB LTDA                                       ;3;MA;0
202312;ADM CONS UNICOOB LTDA                                       ;4;MA;0
202312;ADM CONS UNICOOB LTDA                                       ;6;MA;0
202312;ADM CONS UNICOOB LTDA                                       ;1;MG;2
202312;ADM CONS UNICOOB LTDA                                       ;3;MG;4
202312;ADM CONS UNICOOB LTDA                                       ;4;MG;0
202312;ADM CONS UNICOOB LTDA                                       ;6;MG;0
202312;ADM CONS UNICOOB LTDA                                       ;1;MS;10
202312;ADM CONS UNICOOB LTDA                                       ;3;MS;35
202312;ADM CONS UNICOOB LTDA                                       ;4;MS;3
202312;ADM CONS UNICOOB LTDA                                       ;6;MS;17
202312;ADM CONS UNICOOB LTDA                                       ;1;MT;0
202312;ADM CONS UNICOOB LTDA                                       ;3;MT;9
202312;ADM CONS UNICOOB LTDA                                       ;4;MT;5
202312;ADM CONS UNICOOB LTDA                                       ;6;MT;5
202312;ADM CONS UNICOOB LTDA                                       ;1;PA;12
202312;ADM CONS UNICOOB LTDA                                       ;3;PA;17
202312;ADM CONS UNICOOB LTDA                                       ;4;PA;3
202312;ADM CONS UNICOOB LTDA                                       ;6;PA;1
202312;ADM CONS UNICOOB LTDA                                       ;1;PB;0
202312;ADM CONS UNICOOB LTDA                                       ;3;PB;0
202312;ADM CONS UNICOOB LTDA                                       ;1;PE;0
202312;ADM CONS UNICOOB LTDA                                       ;3;PE;0
202312;ADM CONS UNICOOB LTDA                                       ;4;PE;0
202312;ADM CONS UNICOOB LTDA                                       ;6;PE;0
202312;ADM CONS UNICOOB LTDA                                       ;1;PI;0
202312;ADM CONS UNICOOB LTDA                                       ;3;PI;1
202312;ADM CONS UNICOOB LTDA                                       ;1;PR;420
202312;ADM CONS UNICOOB LTDA                                       ;3;PR;1003
202312;ADM CONS UNICOOB LTDA                                       ;4;PR;117
202312;ADM CONS UNICOOB LTDA                                       ;6;PR;818
202312;ADM CONS UNICOOB LTDA                                       ;1;RJ;0
202312;ADM CONS UNICOOB LTDA                                       ;3;RJ;0
202312;ADM CONS UNICOOB LTDA                                       ;6;RJ;0
202312;ADM CONS UNICOOB LTDA                                       ;1;RN;0
202312;ADM CONS UNICOOB LTDA                                       ;3;RN;1
202312;ADM CONS UNICOOB LTDA                                       ;3;RO;0
202312;ADM CONS UNICOOB LTDA                                       ;4;RO;0
202312;ADM CONS UNICOOB LTDA                                       ;1;RR;0
202312;ADM CONS UNICOOB LTDA                                       ;3;RR;1
202312;ADM CONS UNICOOB LTDA                                       ;1;RS;26
202312;ADM CONS UNICOOB LTDA                                       ;3;RS;68
202312;ADM CONS UNICOOB LTDA                                       ;4;RS;8
202312;ADM CONS UNICOOB LTDA                                       ;6;RS;17
202312;ADM CONS UNICOOB LTDA                                       ;1;SC;15
202312;ADM CONS UNICOOB LTDA                                       ;3;SC;9
202312;ADM CONS UNICOOB LTDA                                       ;4;SC;0
202312;ADM CONS UNICOOB LTDA                                       ;6;SC;4
202312;ADM CONS UNICOOB LTDA                                       ;3;SE;0
202312;ADM CONS UNICOOB LTDA                                       ;1;SP;107
202312;ADM CONS UNICOOB LTDA                                       ;3;SP;216
202312;ADM CONS UNICOOB LTDA                                       ;4;SP;24
202312;ADM CONS UNICOOB LTDA                                       ;6;SP;67
202312;ADM CONS UNICOOB LTDA                                       ;1;TO;0
202312;ADM CONS UNICOOB LTDA                                       ;3;TO;0
202312;ADM CONS UNICOOB LTDA                                       ;4;TO;0
202312;ADM CONS UNICOOB LTDA                                       ;6;TO;1
202312;CIMAVEL ADM CONS                                            ;1;AL;0
202312;CIMAVEL ADM CONS                                            ;3;AL;0
202312;CIMAVEL ADM CONS                                            ;6;AL;4
202312;CIMAVEL ADM CONS                                            ;1;BA;0
202312;CIMAVEL ADM CONS                                            ;3;BA;0
202312;CIMAVEL ADM CONS                                            ;6;BA;1
202312;CIMAVEL ADM CONS                                            ;1;DF;0
202312;CIMAVEL ADM CONS                                            ;3;MT;0
202312;CIMAVEL ADM CONS                                            ;3;PE;0
202312;CIMAVEL ADM CONS                                            ;3;RN;0
202312;CIMAVEL ADM CONS                                            ;3;SC;0
202312;CIMAVEL ADM CONS                                            ;1;SE;4
202312;CIMAVEL ADM CONS                                            ;3;SE;21
202312;CIMAVEL ADM CONS                                            ;6;SE;141
202312;ASSOC BAHIANA DE MEDICINA ABM                               ;3;BA;0
202312;ASSOC BAHIANA DE MEDICINA ABM                               ;3;SP;0
202312;BR CONSÓRCIOS ADM. CONS. LTDA.                              ;1;AC;0
202312;BR CONSÓRCIOS ADM. CONS. LTDA.                              ;3;AC;1
202312;BR CONSÓRCIOS ADM. CONS. LTDA.                              ;1;AL;2
202312;BR CONSÓRCIOS ADM. CONS. LTDA.                              ;3;AL;4
202312;BR CONSÓRCIOS ADM. CONS. LTDA.                              ;4;AL;3
202312;BR CONSÓRCIOS ADM. CONS. LTDA.                              ;5;AL;3
202312;BR CONSÓRCIOS ADM. CONS. LTDA.                              ;6;AL;2
202312;BR CONSÓRCIOS ADM. CONS. LTDA.                              ;1;AM;0
202312;BR CONSÓRCIOS ADM. CONS. LTDA.                              ;3;AM;5
202312;BR CONSÓRCIOS ADM. CONS. LTDA.                              ;4;AM;0
202312;BR CONSÓRCIOS ADM. CONS. LTDA.                              ;5;AM;1
202312;BR CONSÓRCIOS ADM. CONS. LTDA.                              ;1;AP;0
202312;BR CONSÓRCIOS ADM. CONS. LTDA.                              ;3;AP;0
202312;BR CONSÓRCIOS ADM. CONS. LTDA.                              ;4;AP;0
202312;BR CONSÓRCIOS ADM. CONS. LTDA.                              ;6;AP;0
202312;BR CONSÓRCIOS ADM. CONS. LTDA.                              ;1;BA;22
202312;BR CONSÓRCIOS ADM. CONS. LTDA.                              ;3;BA;37
202312;BR CONSÓRCIOS ADM. CONS. LTDA.                              ;4;BA;4
202312;BR CONSÓRCIOS ADM. CONS. LTDA.                              ;5;BA;20
202312;BR CONSÓRCIOS ADM. CONS. LTDA.                              ;6;BA;0
202312;BR CONSÓRCIOS ADM. CONS. LTDA.                              ;1;CE;2
202312;BR CONSÓRCIOS ADM. CONS. LTDA.                              ;3;CE;18
202312;BR CONSÓRCIOS ADM. CONS. LTDA.                              ;4;CE;3
202312;BR CONSÓRCIOS ADM. CONS. LTDA.                              ;5;CE;7
202312;BR CONSÓRCIOS ADM. CONS. LTDA.                              ;6;CE;0
202312;BR CONSÓRCIOS ADM. CONS. LTDA.                              ;1;DF;75
202312;BR CONSÓRCIOS ADM. CONS. LTDA.                              ;3;DF;67
202312;BR CONSÓRCIOS ADM. CONS. LTDA.                              ;4;DF;5
202312;BR CONSÓRCIOS ADM. CONS. LTDA.                              ;5;DF;28
202312;BR CONSÓRCIOS ADM. CONS. LTDA.                              ;6;DF;2
202312;BR CONSÓRCIOS ADM. CONS. LTDA.                              ;1;ES;8
202312;BR CONSÓRCIOS ADM. CONS. LTDA.                              ;3;ES;8
202312;BR CONSÓRCIOS ADM. CONS. LTDA.                              ;4;ES;1
202312;BR CONSÓRCIOS ADM. CONS. LTDA.                              ;5;ES;3
202312;BR CONSÓRCIOS ADM. CONS. LTDA.                              ;6;ES;0
202312;BR CONSÓRCIOS ADM. CONS. LTDA.                              ;1;GO;22
202312;BR CONSÓRCIOS ADM. CONS. LTDA.                              ;3;GO;53
202312;BR CONSÓRCIOS ADM. CONS. LTDA.                              ;4;GO;3
202312;BR CONSÓRCIOS ADM. CONS. LTDA.                              ;5;GO;14
202312;BR CONSÓRCIOS ADM. CONS. LTDA.                              ;6;GO;8
202312;BR CONSÓRCIOS ADM. CONS. LTDA.                              ;1;MA;13
202312;BR CONSÓRCIOS ADM. CONS. LTDA.                              ;3;MA;20
202312;BR CONSÓRCIOS ADM. CONS. LTDA.                              ;4;MA;0
202312;BR CONSÓRCIOS ADM. CONS. LTDA.                              ;5;MA;3
202312;BR CONSÓRCIOS ADM. CONS. LTDA.                              ;6;MA;0
202312;BR CONSÓRCIOS ADM. CONS. LTDA.                              ;1;MG;147
202312;BR CONSÓRCIOS ADM. CONS. LTDA.                              ;3;MG;459
202312;BR CONSÓRCIOS ADM. CONS. LTDA.                              ;4;MG;143
202312;BR CONSÓRCIOS ADM. CONS. LTDA.                              ;5;MG;61
202312;BR CONSÓRCIOS ADM. CONS. LTDA.                              ;6;MG;12
202312;BR CONSÓRCIOS ADM. CONS. LTDA.                              ;1;MS;74
202312;BR CONSÓRCIOS ADM. CONS. LTDA.                              ;3;MS;48
202312;BR CONSÓRCIOS ADM. CONS. LTDA.                              ;4;MS;3
202312;BR CONSÓRCIOS ADM. CONS. LTDA.                              ;5;MS;26
202312;BR CONSÓRCIOS ADM. CONS. LTDA.                              ;6;MS;8
202312;BR CONSÓRCIOS ADM. CONS. LTDA.                              ;1;MT;38
202312;BR CONSÓRCIOS ADM. CONS. LTDA.                              ;3;MT;30
202312;BR CONSÓRCIOS ADM. CONS. LTDA.                              ;4;MT;4
202312;BR CONSÓRCIOS ADM. CONS. LTDA.                              ;5;MT;45
202312;BR CONSÓRCIOS ADM. CONS. LTDA.                              ;6;MT;2
202312;BR CONSÓRCIOS ADM. CONS. LTDA.                              ;1;PA;9
202312;BR CONSÓRCIOS ADM. CONS. LTDA.                              ;3;PA;5
202312;BR CONSÓRCIOS ADM. CONS. LTDA.                              ;4;PA;0
202312;BR CONSÓRCIOS ADM. CONS. LTDA.                              ;5;PA;1
202312;BR CONSÓRCIOS ADM. CONS. LTDA.                              ;6;PA;1
202312;BR CONSÓRCIOS ADM. CONS. LTDA.                              ;1;PB;15
202312;BR CONSÓRCIOS ADM. CONS. LTDA.                              ;3;PB;19
202312;BR CONSÓRCIOS ADM. CONS. LTDA.                              ;4;PB;0
202312;BR CONSÓRCIOS ADM. CONS. LTDA.                              ;5;PB;12
202312;BR CONSÓRCIOS ADM. CONS. LTDA.                              ;6;PB;0
202312;BR CONSÓRCIOS ADM. CONS. LTDA.                              ;1;PE;20
202312;BR CONSÓRCIOS ADM. CONS. LTDA.                              ;3;PE;11
202312;BR CONSÓRCIOS ADM. CONS. LTDA.                              ;4;PE;4
202312;BR CONSÓRCIOS ADM. CONS. LTDA.                              ;5;PE;13
202312;BR CONSÓRCIOS ADM. CONS. LTDA.                              ;6;PE;0
202312;BR CONSÓRCIOS ADM. CONS. LTDA.                              ;1;PI;5
202312;BR CONSÓRCIOS ADM. CONS. LTDA.                              ;3;PI;7
202312;BR CONSÓRCIOS ADM. CONS. LTDA.                              ;4;PI;0
202312;BR CONSÓRCIOS ADM. CONS. LTDA.                              ;5;PI;1
202312;BR CONSÓRCIOS ADM. CONS. LTDA.                              ;6;PI;2
202312;BR CONSÓRCIOS ADM. CONS. LTDA.                              ;1;PR;630
202312;BR CONSÓRCIOS ADM. CONS. LTDA.                              ;3;PR;948
202312;BR CONSÓRCIOS ADM. CONS. LTDA.                              ;4;PR;169
202312;BR CONSÓRCIOS ADM. CONS. LTDA.                              ;5;PR;450
202312;BR CONSÓRCIOS ADM. CONS. LTDA.                              ;6;PR;69
202312;BR CONSÓRCIOS ADM. CONS. LTDA.                              ;1;RJ;58
202312;BR CONSÓRCIOS ADM. CONS. LTDA.                              ;3;RJ;50
202312;BR CONSÓRCIOS ADM. CONS. LTDA.                              ;4;RJ;2
202312;BR CONSÓRCIOS ADM. CONS. LTDA.                              ;5;RJ;24
202312;BR CONSÓRCIOS ADM. CONS. LTDA.                              ;6;RJ;0
202312;BR CONSÓRCIOS ADM. CONS. LTDA.                              ;1;RN;7
202312;BR CONSÓRCIOS ADM. CONS. LTDA.                              ;3;RN;5
202312;BR CONSÓRCIOS ADM. CONS. LTDA.                              ;4;RN;0
202312;BR CONSÓRCIOS ADM. CONS. LTDA.                              ;5;RN;0
202312;BR CONSÓRCIOS ADM. CONS. LTDA.                              ;6;RN;0
202312;BR CONSÓRCIOS ADM. CONS. LTDA.                              ;1;RO;5
202312;BR CONSÓRCIOS ADM. CONS. LTDA.                              ;3;RO;11
202312;BR CONSÓRCIOS ADM. CONS. LTDA.                              ;4;RO;0
202312;BR CONSÓRCIOS ADM. CONS. LTDA.                              ;5;RO;10
202312;BR CONSÓRCIOS ADM. CONS. LTDA.                              ;6;RO;0
202312;BR CONSÓRCIOS ADM. CONS. LTDA.                              ;1;RR;2
202312;BR CONSÓRCIOS ADM. CONS. LTDA.                              ;3;RR;1
202312;BR CONSÓRCIOS ADM. CONS. LTDA.                              ;5;RR;1
202312;BR CONSÓRCIOS ADM. CONS. LTDA.                              ;1;RS;86
202312;BR CONSÓRCIOS ADM. CONS. LTDA.                              ;3;RS;73
202312;BR CONSÓRCIOS ADM. CONS. LTDA.                              ;4;RS;1
202312;BR CONSÓRCIOS ADM. CONS. LTDA.                              ;5;RS;43
202312;BR CONSÓRCIOS ADM. CONS. LTDA.                              ;6;RS;9
202312;BR CONSÓRCIOS ADM. CONS. LTDA.                              ;1;SC;45
202312;BR CONSÓRCIOS ADM. CONS. LTDA.                              ;3;SC;51
202312;BR CONSÓRCIOS ADM. CONS. LTDA.                              ;4;SC;3
202312;BR CONSÓRCIOS ADM. CONS. LTDA.                              ;5;SC;28
202312;BR CONSÓRCIOS ADM. CONS. LTDA.                              ;6;SC;4
202312;BR CONSÓRCIOS ADM. CONS. LTDA.                              ;1;SE;9
202312;BR CONSÓRCIOS ADM. CONS. LTDA.                              ;3;SE;23
202312;BR CONSÓRCIOS ADM. CONS. LTDA.                              ;4;SE;9
202312;BR CONSÓRCIOS ADM. CONS. LTDA.                              ;5;SE;3
202312;BR CONSÓRCIOS ADM. CONS. LTDA.                              ;6;SE;0
202312;BR CONSÓRCIOS ADM. CONS. LTDA.                              ;1;SP;548
202312;BR CONSÓRCIOS ADM. CONS. LTDA.                              ;3;SP;374
202312;BR CONSÓRCIOS ADM. CONS. LTDA.                              ;4;SP;52
202312;BR CONSÓRCIOS ADM. CONS. LTDA.                              ;5;SP;144
202312;BR CONSÓRCIOS ADM. CONS. LTDA.                              ;6;SP;18
202312;BR CONSÓRCIOS ADM. CONS. LTDA.                              ;1;TO;4
202312;BR CONSÓRCIOS ADM. CONS. LTDA.                              ;3;TO;8
202312;BR CONSÓRCIOS ADM. CONS. LTDA.                              ;4;TO;2
202312;BR CONSÓRCIOS ADM. CONS. LTDA.                              ;5;TO;10
202312;BR CONSÓRCIOS ADM. CONS. LTDA.                              ;6;TO;2
202312;SICOOB ADM CONS LTDA.                                       ;1;AC;24
202312;SICOOB ADM CONS LTDA.                                       ;2;AC;2
202312;SICOOB ADM CONS LTDA.                                       ;3;AC;65
202312;SICOOB ADM CONS LTDA.                                       ;4;AC;14
202312;SICOOB ADM CONS LTDA.                                       ;5;AC;0
202312;SICOOB ADM CONS LTDA.                                       ;6;AC;9
202312;SICOOB ADM CONS LTDA.                                       ;1;AL;21
202312;SICOOB ADM CONS LTDA.                                       ;2;AL;7
202312;SICOOB ADM CONS LTDA.                                       ;3;AL;34
202312;SICOOB ADM CONS LTDA.                                       ;4;AL;22
202312;SICOOB ADM CONS LTDA.                                       ;5;AL;4
202312;SICOOB ADM CONS LTDA.                                       ;6;AL;3
202312;SICOOB ADM CONS LTDA.                                       ;1;AM;16
202312;SICOOB ADM CONS LTDA.                                       ;2;AM;7
202312;SICOOB ADM CONS LTDA.                                       ;3;AM;35
202312;SICOOB ADM CONS LTDA.                                       ;4;AM;7
202312;SICOOB ADM CONS LTDA.                                       ;5;AM;3
202312;SICOOB ADM CONS LTDA.                                       ;6;AM;4
202312;SICOOB ADM CONS LTDA.                                       ;1;AP;0
202312;SICOOB ADM CONS LTDA.                                       ;2;AP;0
202312;SICOOB ADM CONS LTDA.                                       ;3;AP;1
202312;SICOOB ADM CONS LTDA.                                       ;4;AP;0
202312;SICOOB ADM CONS LTDA.                                       ;1;BA;233
202312;SICOOB ADM CONS LTDA.                                       ;2;BA;63
202312;SICOOB ADM CONS LTDA.                                       ;3;BA;1606
202312;SICOOB ADM CONS LTDA.                                       ;4;BA;387
202312;SICOOB ADM CONS LTDA.                                       ;5;BA;15
202312;SICOOB ADM CONS LTDA.                                       ;6;BA;61
202312;SICOOB ADM CONS LTDA.                                       ;1;CE;12
202312;SICOOB ADM CONS LTDA.                                       ;2;CE;3
202312;SICOOB ADM CONS LTDA.                                       ;3;CE;29
202312;SICOOB ADM CONS LTDA.                                       ;4;CE;10
202312;SICOOB ADM CONS LTDA.                                       ;5;CE;1
202312;SICOOB ADM CONS LTDA.                                       ;6;CE;0
202312;SICOOB ADM CONS LTDA.                                       ;1;DF;166
202312;SICOOB ADM CONS LTDA.                                       ;2;DF;10
202312;SICOOB ADM CONS LTDA.                                       ;3;DF;384
202312;SICOOB ADM CONS LTDA.                                       ;4;DF;44
202312;SICOOB ADM CONS LTDA.                                       ;5;DF;5
202312;SICOOB ADM CONS LTDA.                                       ;6;DF;25
202312;SICOOB ADM CONS LTDA.                                       ;1;ES;376
202312;SICOOB ADM CONS LTDA.                                       ;2;ES;109
202312;SICOOB ADM CONS LTDA.                                       ;3;ES;1608
202312;SICOOB ADM CONS LTDA.                                       ;4;ES;319
202312;SICOOB ADM CONS LTDA.                                       ;5;ES;18
202312;SICOOB ADM CONS LTDA.                                       ;6;ES;92
202312;SICOOB ADM CONS LTDA.                                       ;1;GO;818
202312;SICOOB ADM CONS LTDA.                                       ;2;GO;191
202312;SICOOB ADM CONS LTDA.                                       ;3;GO;2119
202312;SICOOB ADM CONS LTDA.                                       ;4;GO;240
202312;SICOOB ADM CONS LTDA.                                       ;5;GO;55
202312;SICOOB ADM CONS LTDA.                                       ;6;GO;231
202312;SICOOB ADM CONS LTDA.                                       ;1;MA;52
202312;SICOOB ADM CONS LTDA.                                       ;2;MA;21
202312;SICOOB ADM CONS LTDA.                                       ;3;MA;250
202312;SICOOB ADM CONS LTDA.                                       ;4;MA;55
202312;SICOOB ADM CONS LTDA.                                       ;5;MA;15
202312;SICOOB ADM CONS LTDA.                                       ;6;MA;26
202312;SICOOB ADM CONS LTDA.                                       ;1;MG;2924
202312;SICOOB ADM CONS LTDA.                                       ;2;MG;478
202312;SICOOB ADM CONS LTDA.                                       ;3;MG;9705
202312;SICOOB ADM CONS LTDA.                                       ;4;MG;2358
202312;SICOOB ADM CONS LTDA.                                       ;5;MG;176
202312;SICOOB ADM CONS LTDA.                                       ;6;MG;1083
202312;SICOOB ADM CONS LTDA.                                       ;1;MS;186
202312;SICOOB ADM CONS LTDA.                                       ;2;MS;38
202312;SICOOB ADM CONS LTDA.                                       ;3;MS;364
202312;SICOOB ADM CONS LTDA.                                       ;4;MS;41
202312;SICOOB ADM CONS LTDA.                                       ;5;MS;13
202312;SICOOB ADM CONS LTDA.                                       ;6;MS;51
202312;SICOOB ADM CONS LTDA.                                       ;1;MT;402
202312;SICOOB ADM CONS LTDA.                                       ;2;MT;142
202312;SICOOB ADM CONS LTDA.                                       ;3;MT;1037
202312;SICOOB ADM CONS LTDA.                                       ;4;MT;250
202312;SICOOB ADM CONS LTDA.                                       ;5;MT;34
202312;SICOOB ADM CONS LTDA.                                       ;6;MT;201
202312;SICOOB ADM CONS LTDA.                                       ;1;PA;43
202312;SICOOB ADM CONS LTDA.                                       ;2;PA;22
202312;SICOOB ADM CONS LTDA.                                       ;3;PA;76
202312;SICOOB ADM CONS LTDA.                                       ;4;PA;29
202312;SICOOB ADM CONS LTDA.                                       ;5;PA;5
202312;SICOOB ADM CONS LTDA.                                       ;6;PA;11
202312;SICOOB ADM CONS LTDA.                                       ;1;PB;24
202312;SICOOB ADM CONS LTDA.                                       ;2;PB;3
202312;SICOOB ADM CONS LTDA.                                       ;3;PB;57
202312;SICOOB ADM CONS LTDA.                                       ;4;PB;13
202312;SICOOB ADM CONS LTDA.                                       ;5;PB;1
202312;SICOOB ADM CONS LTDA.                                       ;6;PB;3
202312;SICOOB ADM CONS LTDA.                                       ;1;PE;23
202312;SICOOB ADM CONS LTDA.                                       ;2;PE;4
202312;SICOOB ADM CONS LTDA.                                       ;3;PE;177
202312;SICOOB ADM CONS LTDA.                                       ;4;PE;41
202312;SICOOB ADM CONS LTDA.                                       ;5;PE;13
202312;SICOOB ADM CONS LTDA.                                       ;6;PE;14
202312;SICOOB ADM CONS LTDA.                                       ;1;PI;5
202312;SICOOB ADM CONS LTDA.                                       ;2;PI;1
202312;SICOOB ADM CONS LTDA.                                       ;3;PI;24
202312;SICOOB ADM CONS LTDA.                                       ;4;PI;5
202312;SICOOB ADM CONS LTDA.                                       ;5;PI;3
202312;SICOOB ADM CONS LTDA.                                       ;6;PI;3
202312;SICOOB ADM CONS LTDA.                                       ;1;PR;54
202312;SICOOB ADM CONS LTDA.                                       ;2;PR;10
202312;SICOOB ADM CONS LTDA.                                       ;3;PR;136
202312;SICOOB ADM CONS LTDA.                                       ;4;PR;16
202312;SICOOB ADM CONS LTDA.                                       ;5;PR;2
202312;SICOOB ADM CONS LTDA.                                       ;6;PR;26
202312;SICOOB ADM CONS LTDA.                                       ;1;RJ;289
202312;SICOOB ADM CONS LTDA.                                       ;2;RJ;57
202312;SICOOB ADM CONS LTDA.                                       ;3;RJ;624
202312;SICOOB ADM CONS LTDA.                                       ;4;RJ;140
202312;SICOOB ADM CONS LTDA.                                       ;5;RJ;15
202312;SICOOB ADM CONS LTDA.                                       ;6;RJ;59
202312;SICOOB ADM CONS LTDA.                                       ;1;RN;9
202312;SICOOB ADM CONS LTDA.                                       ;2;RN;1
202312;SICOOB ADM CONS LTDA.                                       ;3;RN;29
202312;SICOOB ADM CONS LTDA.                                       ;4;RN;8
202312;SICOOB ADM CONS LTDA.                                       ;5;RN;1
202312;SICOOB ADM CONS LTDA.                                       ;6;RN;7
202312;SICOOB ADM CONS LTDA.                                       ;1;RO;142
202312;SICOOB ADM CONS LTDA.                                       ;2;RO;43
202312;SICOOB ADM CONS LTDA.                                       ;3;RO;545
202312;SICOOB ADM CONS LTDA.                                       ;4;RO;180
202312;SICOOB ADM CONS LTDA.                                       ;5;RO;92
202312;SICOOB ADM CONS LTDA.                                       ;6;RO;125
202312;SICOOB ADM CONS LTDA.                                       ;1;RR;6
202312;SICOOB ADM CONS LTDA.                                       ;2;RR;0
202312;SICOOB ADM CONS LTDA.                                       ;3;RR;11
202312;SICOOB ADM CONS LTDA.                                       ;4;RR;6
202312;SICOOB ADM CONS LTDA.                                       ;5;RR;0
202312;SICOOB ADM CONS LTDA.                                       ;6;RR;2
202312;SICOOB ADM CONS LTDA.                                       ;1;RS;165
202312;SICOOB ADM CONS LTDA.                                       ;2;RS;26
202312;SICOOB ADM CONS LTDA.                                       ;3;RS;348
202312;SICOOB ADM CONS LTDA.                                       ;4;RS;30
202312;SICOOB ADM CONS LTDA.                                       ;5;RS;21
202312;SICOOB ADM CONS LTDA.                                       ;6;RS;46
202312;SICOOB ADM CONS LTDA.                                       ;1;SC;653
202312;SICOOB ADM CONS LTDA.                                       ;2;SC;66
202312;SICOOB ADM CONS LTDA.                                       ;3;SC;1532
202312;SICOOB ADM CONS LTDA.                                       ;4;SC;106
202312;SICOOB ADM CONS LTDA.                                       ;5;SC;59
202312;SICOOB ADM CONS LTDA.                                       ;6;SC;252
202312;SICOOB ADM CONS LTDA.                                       ;1;SE;0
202312;SICOOB ADM CONS LTDA.                                       ;2;SE;0
202312;SICOOB ADM CONS LTDA.                                       ;3;SE;17
202312;SICOOB ADM CONS LTDA.                                       ;4;SE;6
202312;SICOOB ADM CONS LTDA.                                       ;5;SE;0
202312;SICOOB ADM CONS LTDA.                                       ;6;SE;0
202312;SICOOB ADM CONS LTDA.                                       ;1;SP;2063
202312;SICOOB ADM CONS LTDA.                                       ;2;SP;275
202312;SICOOB ADM CONS LTDA.                                       ;3;SP;4099
202312;SICOOB ADM CONS LTDA.                                       ;4;SP;517
202312;SICOOB ADM CONS LTDA.                                       ;5;SP;88
202312;SICOOB ADM CONS LTDA.                                       ;6;SP;251
202312;SICOOB ADM CONS LTDA.                                       ;1;TO;93
202312;SICOOB ADM CONS LTDA.                                       ;2;TO;43
202312;SICOOB ADM CONS LTDA.                                       ;3;TO;281
202312;SICOOB ADM CONS LTDA.                                       ;4;TO;48
202312;SICOOB ADM CONS LTDA.                                       ;5;TO;15
202312;SICOOB ADM CONS LTDA.                                       ;6;TO;57
202312;OPÇÃO ADM. CONSÓRCIO                                        ;3;AC;0
202312;OPÇÃO ADM. CONSÓRCIO                                        ;3;BA;0
202312;OPÇÃO ADM. CONSÓRCIO                                        ;4;BA;0
202312;OPÇÃO ADM. CONSÓRCIO                                        ;3;ES;0
202312;OPÇÃO ADM. CONSÓRCIO                                        ;4;ES;2
202312;OPÇÃO ADM. CONSÓRCIO                                        ;6;ES;0
202312;OPÇÃO ADM. CONSÓRCIO                                        ;4;GO;0
202312;OPÇÃO ADM. CONSÓRCIO                                        ;3;MA;0
202312;OPÇÃO ADM. CONSÓRCIO                                        ;3;MG;60
202312;OPÇÃO ADM. CONSÓRCIO                                        ;4;MG;178
202312;OPÇÃO ADM. CONSÓRCIO                                        ;6;MG;0
202312;OPÇÃO ADM. CONSÓRCIO                                        ;4;MT;1
202312;OPÇÃO ADM. CONSÓRCIO                                        ;3;PR;0
202312;OPÇÃO ADM. CONSÓRCIO                                        ;3;RJ;0
202312;OPÇÃO ADM. CONSÓRCIO                                        ;4;RJ;0
202312;OPÇÃO ADM. CONSÓRCIO                                        ;6;RN;0
202312;OPÇÃO ADM. CONSÓRCIO                                        ;3;SP;0
202312;OPÇÃO ADM. CONSÓRCIO                                        ;4;SP;0
202312;OPÇÃO ADM. CONSÓRCIO                                        ;6;SP;0
202312;VIVIANI ADM CONS NACIONAL LTDA.                             ;3;BA;0
202312;VIVIANI ADM CONS NACIONAL LTDA.                             ;3;CE;0
202312;VIVIANI ADM CONS NACIONAL LTDA.                             ;3;GO;0
202312;VIVIANI ADM CONS NACIONAL LTDA.                             ;3;MG;0
202312;VIVIANI ADM CONS NACIONAL LTDA.                             ;3;MS;1
202312;VIVIANI ADM CONS NACIONAL LTDA.                             ;3;PA;0
202312;VIVIANI ADM CONS NACIONAL LTDA.                             ;3;PR;1
202312;VIVIANI ADM CONS NACIONAL LTDA.                             ;3;RJ;0
202312;VIVIANI ADM CONS NACIONAL LTDA.                             ;3;SC;0
202312;VIVIANI ADM CONS NACIONAL LTDA.                             ;3;SE;0
202312;VIVIANI ADM CONS NACIONAL LTDA.                             ;3;SP;106
202312;ZEMA ADM. CONSÓRCIO  LTDA                                   ;1;AC;0
202312;ZEMA ADM. CONSÓRCIO  LTDA                                   ;2;AC;0
202312;ZEMA ADM. CONSÓRCIO  LTDA                                   ;3;AC;0
202312;ZEMA ADM. CONSÓRCIO  LTDA                                   ;1;AL;0
202312;ZEMA ADM. CONSÓRCIO  LTDA                                   ;2;AL;0
202312;ZEMA ADM. CONSÓRCIO  LTDA                                   ;3;AL;0
202312;ZEMA ADM. CONSÓRCIO  LTDA                                   ;6;AL;0
202312;ZEMA ADM. CONSÓRCIO  LTDA                                   ;1;AM;3
202312;ZEMA ADM. CONSÓRCIO  LTDA                                   ;2;AM;0
202312;ZEMA ADM. CONSÓRCIO  LTDA                                   ;3;AM;0
202312;ZEMA ADM. CONSÓRCIO  LTDA                                   ;1;AP;0
202312;ZEMA ADM. CONSÓRCIO  LTDA                                   ;2;AP;0
202312;ZEMA ADM. CONSÓRCIO  LTDA                                   ;3;AP;2
202312;ZEMA ADM. CONSÓRCIO  LTDA                                   ;1;BA;66
202312;ZEMA ADM. CONSÓRCIO  LTDA                                   ;2;BA;10
202312;ZEMA ADM. CONSÓRCIO  LTDA                                   ;3;BA;36
202312;ZEMA ADM. CONSÓRCIO  LTDA                                   ;6;BA;2
202312;ZEMA ADM. CONSÓRCIO  LTDA                                   ;1;CE;25
202312;ZEMA ADM. CONSÓRCIO  LTDA                                   ;2;CE;7
202312;ZEMA ADM. CONSÓRCIO  LTDA                                   ;3;CE;3
202312;ZEMA ADM. CONSÓRCIO  LTDA                                   ;1;DF;22
202312;ZEMA ADM. CONSÓRCIO  LTDA                                   ;2;DF;3
202312;ZEMA ADM. CONSÓRCIO  LTDA                                   ;3;DF;3
202312;ZEMA ADM. CONSÓRCIO  LTDA                                   ;6;DF;0
202312;ZEMA ADM. CONSÓRCIO  LTDA                                   ;1;ES;182
202312;ZEMA ADM. CONSÓRCIO  LTDA                                   ;2;ES;11
202312;ZEMA ADM. CONSÓRCIO  LTDA                                   ;3;ES;9
202312;ZEMA ADM. CONSÓRCIO  LTDA                                   ;6;ES;0
202312;ZEMA ADM. CONSÓRCIO  LTDA                                   ;1;GO;71
202312;ZEMA ADM. CONSÓRCIO  LTDA                                   ;2;GO;30
202312;ZEMA ADM. CONSÓRCIO  LTDA                                   ;3;GO;41
202312;ZEMA ADM. CONSÓRCIO  LTDA                                   ;6;GO;6
202312;ZEMA ADM. CONSÓRCIO  LTDA                                   ;1;MA;24
202312;ZEMA ADM. CONSÓRCIO  LTDA                                   ;2;MA;11
202312;ZEMA ADM. CONSÓRCIO  LTDA                                   ;3;MA;3
202312;ZEMA ADM. CONSÓRCIO  LTDA                                   ;1;MG;607
202312;ZEMA ADM. CONSÓRCIO  LTDA                                   ;2;MG;121
202312;ZEMA ADM. CONSÓRCIO  LTDA                                   ;3;MG;471
202312;ZEMA ADM. CONSÓRCIO  LTDA                                   ;6;MG;18
202312;ZEMA ADM. CONSÓRCIO  LTDA                                   ;1;MS;29
202312;ZEMA ADM. CONSÓRCIO  LTDA                                   ;2;MS;9
202312;ZEMA ADM. CONSÓRCIO  LTDA                                   ;3;MS;0
202312;ZEMA ADM. CONSÓRCIO  LTDA                                   ;6;MS;0
202312;ZEMA ADM. CONSÓRCIO  LTDA                                   ;1;MT;106
202312;ZEMA ADM. CONSÓRCIO  LTDA                                   ;2;MT;23
202312;ZEMA ADM. CONSÓRCIO  LTDA                                   ;3;MT;18
202312;ZEMA ADM. CONSÓRCIO  LTDA                                   ;6;MT;0
202312;ZEMA ADM. CONSÓRCIO  LTDA                                   ;1;PA;54
202312;ZEMA ADM. CONSÓRCIO  LTDA                                   ;2;PA;7
202312;ZEMA ADM. CONSÓRCIO  LTDA                                   ;3;PA;12
202312;ZEMA ADM. CONSÓRCIO  LTDA                                   ;6;PA;0
202312;ZEMA ADM. CONSÓRCIO  LTDA                                   ;1;PB;0
202312;ZEMA ADM. CONSÓRCIO  LTDA                                   ;2;PB;3
202312;ZEMA ADM. CONSÓRCIO  LTDA                                   ;3;PB;0
202312;ZEMA ADM. CONSÓRCIO  LTDA                                   ;1;PE;46
202312;ZEMA ADM. CONSÓRCIO  LTDA                                   ;2;PE;8
202312;ZEMA ADM. CONSÓRCIO  LTDA                                   ;3;PE;1
202312;ZEMA ADM. CONSÓRCIO  LTDA                                   ;1;PI;30
202312;ZEMA ADM. CONSÓRCIO  LTDA                                   ;2;PI;0
202312;ZEMA ADM. CONSÓRCIO  LTDA                                   ;3;PI;0
202312;ZEMA ADM. CONSÓRCIO  LTDA                                   ;1;PR;60
202312;ZEMA ADM. CONSÓRCIO  LTDA                                   ;2;PR;5
202312;ZEMA ADM. CONSÓRCIO  LTDA                                   ;3;PR;24
202312;ZEMA ADM. CONSÓRCIO  LTDA                                   ;6;PR;0
202312;ZEMA ADM. CONSÓRCIO  LTDA                                   ;1;RJ;91
202312;ZEMA ADM. CONSÓRCIO  LTDA                                   ;2;RJ;6
202312;ZEMA ADM. CONSÓRCIO  LTDA                                   ;3;RJ;1
202312;ZEMA ADM. CONSÓRCIO  LTDA                                   ;6;RJ;0
202312;ZEMA ADM. CONSÓRCIO  LTDA                                   ;1;RN;6
202312;ZEMA ADM. CONSÓRCIO  LTDA                                   ;2;RN;6
202312;ZEMA ADM. CONSÓRCIO  LTDA                                   ;3;RN;13
202312;ZEMA ADM. CONSÓRCIO  LTDA                                   ;6;RN;0
202312;ZEMA ADM. CONSÓRCIO  LTDA                                   ;1;RO;16
202312;ZEMA ADM. CONSÓRCIO  LTDA                                   ;2;RO;1
202312;ZEMA ADM. CONSÓRCIO  LTDA                                   ;3;RO;0
202312;ZEMA ADM. CONSÓRCIO  LTDA                                   ;1;RR;7
202312;ZEMA ADM. CONSÓRCIO  LTDA                                   ;3;RR;2
202312;ZEMA ADM. CONSÓRCIO  LTDA                                   ;1;RS;105
202312;ZEMA ADM. CONSÓRCIO  LTDA                                   ;2;RS;4
202312;ZEMA ADM. CONSÓRCIO  LTDA                                   ;3;RS;33
202312;ZEMA ADM. CONSÓRCIO  LTDA                                   ;1;SC;65
202312;ZEMA ADM. CONSÓRCIO  LTDA                                   ;2;SC;4
202312;ZEMA ADM. CONSÓRCIO  LTDA                                   ;3;SC;2
202312;ZEMA ADM. CONSÓRCIO  LTDA                                   ;6;SC;1
202312;ZEMA ADM. CONSÓRCIO  LTDA                                   ;1;SE;16
202312;ZEMA ADM. CONSÓRCIO  LTDA                                   ;2;SE;10
202312;ZEMA ADM. CONSÓRCIO  LTDA                                   ;3;SE;11
202312;ZEMA ADM. CONSÓRCIO  LTDA                                   ;4;SE;1
202312;ZEMA ADM. CONSÓRCIO  LTDA                                   ;6;SE;0
202312;ZEMA ADM. CONSÓRCIO  LTDA                                   ;1;SP;484
202312;ZEMA ADM. CONSÓRCIO  LTDA                                   ;2;SP;5
202312;ZEMA ADM. CONSÓRCIO  LTDA                                   ;3;SP;36
202312;ZEMA ADM. CONSÓRCIO  LTDA                                   ;6;SP;3
202312;ZEMA ADM. CONSÓRCIO  LTDA                                   ;1;TO;24
202312;ZEMA ADM. CONSÓRCIO  LTDA                                   ;2;TO;0
202312;ZEMA ADM. CONSÓRCIO  LTDA                                   ;3;TO;2
202312;RECON ADM. DE CONSORCIOS LTDA                               ;1;AC;0
202312;RECON ADM. DE CONSORCIOS LTDA                               ;3;AC;2
202312;RECON ADM. DE CONSORCIOS LTDA                               ;4;AC;0
202312;RECON ADM. DE CONSORCIOS LTDA                               ;1;AL;5
202312;RECON ADM. DE CONSORCIOS LTDA                               ;3;AL;16
202312;RECON ADM. DE CONSORCIOS LTDA                               ;4;AL;14
202312;RECON ADM. DE CONSORCIOS LTDA                               ;6;AL;1
202312;RECON ADM. DE CONSORCIOS LTDA                               ;1;AM;25
202312;RECON ADM. DE CONSORCIOS LTDA                               ;3;AM;40
202312;RECON ADM. DE CONSORCIOS LTDA                               ;4;AM;9
202312;RECON ADM. DE CONSORCIOS LTDA                               ;6;AM;2
202312;RECON ADM. DE CONSORCIOS LTDA                               ;1;AP;1
202312;RECON ADM. DE CONSORCIOS LTDA                               ;3;AP;4
202312;RECON ADM. DE CONSORCIOS LTDA                               ;4;AP;0
202312;RECON ADM. DE CONSORCIOS LTDA                               ;1;BA;36
202312;RECON ADM. DE CONSORCIOS LTDA                               ;3;BA;243
202312;RECON ADM. DE CONSORCIOS LTDA                               ;4;BA;58
202312;RECON ADM. DE CONSORCIOS LTDA                               ;6;BA;4
202312;RECON ADM. DE CONSORCIOS LTDA                               ;1;CE;18
202312;RECON ADM. DE CONSORCIOS LTDA                               ;3;CE;56
202312;RECON ADM. DE CONSORCIOS LTDA                               ;4;CE;39
202312;RECON ADM. DE CONSORCIOS LTDA                               ;6;CE;1
202312;RECON ADM. DE CONSORCIOS LTDA                               ;1;DF;8
202312;RECON ADM. DE CONSORCIOS LTDA                               ;3;DF;14
202312;RECON ADM. DE CONSORCIOS LTDA                               ;4;DF;0
202312;RECON ADM. DE CONSORCIOS LTDA                               ;6;DF;0
202312;RECON ADM. DE CONSORCIOS LTDA                               ;1;ES;1
202312;RECON ADM. DE CONSORCIOS LTDA                               ;3;ES;11
202312;RECON ADM. DE CONSORCIOS LTDA                               ;4;ES;4
202312;RECON ADM. DE CONSORCIOS LTDA                               ;6;ES;0
202312;RECON ADM. DE CONSORCIOS LTDA                               ;1;GO;44
202312;RECON ADM. DE CONSORCIOS LTDA                               ;3;GO;160
202312;RECON ADM. DE CONSORCIOS LTDA                               ;4;GO;10
202312;RECON ADM. DE CONSORCIOS LTDA                               ;6;GO;1
202312;RECON ADM. DE CONSORCIOS LTDA                               ;1;MA;0
202312;RECON ADM. DE CONSORCIOS LTDA                               ;3;MA;9
202312;RECON ADM. DE CONSORCIOS LTDA                               ;4;MA;7
202312;RECON ADM. DE CONSORCIOS LTDA                               ;1;MG;27
202312;RECON ADM. DE CONSORCIOS LTDA                               ;3;MG;105
202312;RECON ADM. DE CONSORCIOS LTDA                               ;4;MG;33
202312;RECON ADM. DE CONSORCIOS LTDA                               ;6;MG;1
202312;RECON ADM. DE CONSORCIOS LTDA                               ;1;MS;17
202312;RECON ADM. DE CONSORCIOS LTDA                               ;3;MS;16
202312;RECON ADM. DE CONSORCIOS LTDA                               ;4;MS;0
202312;RECON ADM. DE CONSORCIOS LTDA                               ;6;MS;0
202312;RECON ADM. DE CONSORCIOS LTDA                               ;1;MT;15
202312;RECON ADM. DE CONSORCIOS LTDA                               ;3;MT;29
202312;RECON ADM. DE CONSORCIOS LTDA                               ;4;MT;8
202312;RECON ADM. DE CONSORCIOS LTDA                               ;6;MT;0
202312;RECON ADM. DE CONSORCIOS LTDA                               ;1;PA;25
202312;RECON ADM. DE CONSORCIOS LTDA                               ;3;PA;129
202312;RECON ADM. DE CONSORCIOS LTDA                               ;4;PA;49
202312;RECON ADM. DE CONSORCIOS LTDA                               ;6;PA;2
202312;RECON ADM. DE CONSORCIOS LTDA                               ;1;PB;0
202312;RECON ADM. DE CONSORCIOS LTDA                               ;3;PB;6
202312;RECON ADM. DE CONSORCIOS LTDA                               ;4;PB;3
202312;RECON ADM. DE CONSORCIOS LTDA                               ;6;PB;1
202312;RECON ADM. DE CONSORCIOS LTDA                               ;1;PE;6
202312;RECON ADM. DE CONSORCIOS LTDA                               ;3;PE;17
202312;RECON ADM. DE CONSORCIOS LTDA                               ;4;PE;3
202312;RECON ADM. DE CONSORCIOS LTDA                               ;6;PE;0
202312;RECON ADM. DE CONSORCIOS LTDA                               ;1;PI;2
202312;RECON ADM. DE CONSORCIOS LTDA                               ;3;PI;4
202312;RECON ADM. DE CONSORCIOS LTDA                               ;4;PI;0
202312;RECON ADM. DE CONSORCIOS LTDA                               ;6;PI;0
202312;RECON ADM. DE CONSORCIOS LTDA                               ;1;PR;17
202312;RECON ADM. DE CONSORCIOS LTDA                               ;3;PR;21
202312;RECON ADM. DE CONSORCIOS LTDA                               ;4;PR;2
202312;RECON ADM. DE CONSORCIOS LTDA                               ;6;PR;0
202312;RECON ADM. DE CONSORCIOS LTDA                               ;1;RJ;4
202312;RECON ADM. DE CONSORCIOS LTDA                               ;3;RJ;48
202312;RECON ADM. DE CONSORCIOS LTDA                               ;4;RJ;11
202312;RECON ADM. DE CONSORCIOS LTDA                               ;6;RJ;1
202312;RECON ADM. DE CONSORCIOS LTDA                               ;1;RN;72
202312;RECON ADM. DE CONSORCIOS LTDA                               ;3;RN;26
202312;RECON ADM. DE CONSORCIOS LTDA                               ;4;RN;8
202312;RECON ADM. DE CONSORCIOS LTDA                               ;6;RN;2
202312;RECON ADM. DE CONSORCIOS LTDA                               ;1;RO;7
202312;RECON ADM. DE CONSORCIOS LTDA                               ;3;RO;3
202312;RECON ADM. DE CONSORCIOS LTDA                               ;4;RO;0
202312;RECON ADM. DE CONSORCIOS LTDA                               ;6;RO;1
202312;RECON ADM. DE CONSORCIOS LTDA                               ;1;RR;14
202312;RECON ADM. DE CONSORCIOS LTDA                               ;3;RR;4
202312;RECON ADM. DE CONSORCIOS LTDA                               ;4;RR;0
202312;RECON ADM. DE CONSORCIOS LTDA                               ;6;RR;0
202312;RECON ADM. DE CONSORCIOS LTDA                               ;1;RS;3
202312;RECON ADM. DE CONSORCIOS LTDA                               ;3;RS;21
202312;RECON ADM. DE CONSORCIOS LTDA                               ;4;RS;3
202312;RECON ADM. DE CONSORCIOS LTDA                               ;6;RS;0
202312;RECON ADM. DE CONSORCIOS LTDA                               ;1;SC;17
202312;RECON ADM. DE CONSORCIOS LTDA                               ;3;SC;19
202312;RECON ADM. DE CONSORCIOS LTDA                               ;4;SC;4
202312;RECON ADM. DE CONSORCIOS LTDA                               ;6;SC;0
202312;RECON ADM. DE CONSORCIOS LTDA                               ;1;SE;84
202312;RECON ADM. DE CONSORCIOS LTDA                               ;3;SE;258
202312;RECON ADM. DE CONSORCIOS LTDA                               ;4;SE;172
202312;RECON ADM. DE CONSORCIOS LTDA                               ;6;SE;10
202312;RECON ADM. DE CONSORCIOS LTDA                               ;1;SP;117
202312;RECON ADM. DE CONSORCIOS LTDA                               ;3;SP;226
202312;RECON ADM. DE CONSORCIOS LTDA                               ;4;SP;70
202312;RECON ADM. DE CONSORCIOS LTDA                               ;6;SP;15
202312;RECON ADM. DE CONSORCIOS LTDA                               ;1;TO;1
202312;RECON ADM. DE CONSORCIOS LTDA                               ;3;TO;9
202312;RECON ADM. DE CONSORCIOS LTDA                               ;4;TO;9
202312;RECON ADM. DE CONSORCIOS LTDA                               ;6;TO;0
202312;GROSCON ADM. CONS. LTDA.                                    ;1;AC;0
202312;GROSCON ADM. CONS. LTDA.                                    ;1;AL;0
202312;GROSCON ADM. CONS. LTDA.                                    ;2;AL;0
202312;GROSCON ADM. CONS. LTDA.                                    ;1;AM;0
202312;GROSCON ADM. CONS. LTDA.                                    ;3;AM;0
202312;GROSCON ADM. CONS. LTDA.                                    ;1;BA;0
202312;GROSCON ADM. CONS. LTDA.                                    ;2;BA;1
202312;GROSCON ADM. CONS. LTDA.                                    ;3;BA;52
202312;GROSCON ADM. CONS. LTDA.                                    ;1;CE;0
202312;GROSCON ADM. CONS. LTDA.                                    ;3;CE;0
202312;GROSCON ADM. CONS. LTDA.                                    ;1;DF;0
202312;GROSCON ADM. CONS. LTDA.                                    ;2;DF;0
202312;GROSCON ADM. CONS. LTDA.                                    ;3;DF;0
202312;GROSCON ADM. CONS. LTDA.                                    ;1;ES;2
202312;GROSCON ADM. CONS. LTDA.                                    ;2;ES;2
202312;GROSCON ADM. CONS. LTDA.                                    ;3;ES;2
202312;GROSCON ADM. CONS. LTDA.                                    ;1;GO;7
202312;GROSCON ADM. CONS. LTDA.                                    ;2;GO;0
202312;GROSCON ADM. CONS. LTDA.                                    ;3;GO;1
202312;GROSCON ADM. CONS. LTDA.                                    ;1;MA;0
202312;GROSCON ADM. CONS. LTDA.                                    ;2;MA;0
202312;GROSCON ADM. CONS. LTDA.                                    ;3;MA;0
202312;GROSCON ADM. CONS. LTDA.                                    ;1;MG;6
202312;GROSCON ADM. CONS. LTDA.                                    ;2;MG;6
202312;GROSCON ADM. CONS. LTDA.                                    ;3;MG;53
202312;GROSCON ADM. CONS. LTDA.                                    ;1;MS;0
202312;GROSCON ADM. CONS. LTDA.                                    ;2;MS;0
202312;GROSCON ADM. CONS. LTDA.                                    ;3;MS;1
202312;GROSCON ADM. CONS. LTDA.                                    ;1;MT;0
202312;GROSCON ADM. CONS. LTDA.                                    ;2;MT;0
202312;GROSCON ADM. CONS. LTDA.                                    ;3;MT;2
202312;GROSCON ADM. CONS. LTDA.                                    ;1;PA;0
202312;GROSCON ADM. CONS. LTDA.                                    ;2;PA;0
202312;GROSCON ADM. CONS. LTDA.                                    ;3;PA;0
202312;GROSCON ADM. CONS. LTDA.                                    ;3;PB;0
202312;GROSCON ADM. CONS. LTDA.                                    ;1;PE;0
202312;GROSCON ADM. CONS. LTDA.                                    ;2;PE;0
202312;GROSCON ADM. CONS. LTDA.                                    ;3;PE;10
202312;GROSCON ADM. CONS. LTDA.                                    ;1;PI;0
202312;GROSCON ADM. CONS. LTDA.                                    ;2;PI;0
202312;GROSCON ADM. CONS. LTDA.                                    ;1;PR;4
202312;GROSCON ADM. CONS. LTDA.                                    ;2;PR;0
202312;GROSCON ADM. CONS. LTDA.                                    ;3;PR;7
202312;GROSCON ADM. CONS. LTDA.                                    ;1;RJ;2
202312;GROSCON ADM. CONS. LTDA.                                    ;2;RJ;0
202312;GROSCON ADM. CONS. LTDA.                                    ;3;RJ;1
202312;GROSCON ADM. CONS. LTDA.                                    ;1;RN;0
202312;GROSCON ADM. CONS. LTDA.                                    ;2;RN;0
202312;GROSCON ADM. CONS. LTDA.                                    ;1;RO;0
202312;GROSCON ADM. CONS. LTDA.                                    ;2;RO;0
202312;GROSCON ADM. CONS. LTDA.                                    ;3;RO;0
202312;GROSCON ADM. CONS. LTDA.                                    ;1;RS;0
202312;GROSCON ADM. CONS. LTDA.                                    ;2;RS;0
202312;GROSCON ADM. CONS. LTDA.                                    ;3;RS;0
202312;GROSCON ADM. CONS. LTDA.                                    ;1;SC;0
202312;GROSCON ADM. CONS. LTDA.                                    ;2;SC;0
202312;GROSCON ADM. CONS. LTDA.                                    ;3;SC;0
202312;GROSCON ADM. CONS. LTDA.                                    ;1;SE;0
202312;GROSCON ADM. CONS. LTDA.                                    ;3;SE;0
202312;GROSCON ADM. CONS. LTDA.                                    ;1;SP;32
202312;GROSCON ADM. CONS. LTDA.                                    ;2;SP;7
202312;GROSCON ADM. CONS. LTDA.                                    ;3;SP;150
202312;GROSCON ADM. CONS. LTDA.                                    ;1;TO;0
202312;GROSCON ADM. CONS. LTDA.                                    ;2;TO;0
202312;GROSCON ADM. CONS. LTDA.                                    ;3;TO;0
202312;GUARAPIRANGA ADM. CONSÓRCIOS                                ;3;BA;0
202312;GUARAPIRANGA ADM. CONSÓRCIOS                                ;3;DF;0
202312;GUARAPIRANGA ADM. CONSÓRCIOS                                ;5;DF;0
202312;GUARAPIRANGA ADM. CONSÓRCIOS                                ;3;ES;0
202312;GUARAPIRANGA ADM. CONSÓRCIOS                                ;3;GO;0
202312;GUARAPIRANGA ADM. CONSÓRCIOS                                ;3;MA;0
202312;GUARAPIRANGA ADM. CONSÓRCIOS                                ;3;MG;72
202312;GUARAPIRANGA ADM. CONSÓRCIOS                                ;5;MG;16
202312;GUARAPIRANGA ADM. CONSÓRCIOS                                ;3;MS;0
202312;GUARAPIRANGA ADM. CONSÓRCIOS                                ;3;MT;0
202312;GUARAPIRANGA ADM. CONSÓRCIOS                                ;3;PA;0
202312;GUARAPIRANGA ADM. CONSÓRCIOS                                ;3;PR;0
202312;GUARAPIRANGA ADM. CONSÓRCIOS                                ;3;RJ;0
202312;GUARAPIRANGA ADM. CONSÓRCIOS                                ;3;RS;0
202312;GUARAPIRANGA ADM. CONSÓRCIOS                                ;3;SC;0
202312;GUARAPIRANGA ADM. CONSÓRCIOS                                ;3;SP;2
202312;GUARAPIRANGA ADM. CONSÓRCIOS                                ;3;TO;0
202312;COIMEX ADM CONS S.A.                                        ;1;AC;5
202312;COIMEX ADM CONS S.A.                                        ;3;AC;7
202312;COIMEX ADM CONS S.A.                                        ;4;AC;4
202312;COIMEX ADM CONS S.A.                                        ;6;AC;0
202312;COIMEX ADM CONS S.A.                                        ;1;AL;24
202312;COIMEX ADM CONS S.A.                                        ;3;AL;14
202312;COIMEX ADM CONS S.A.                                        ;4;AL;8
202312;COIMEX ADM CONS S.A.                                        ;6;AL;1
202312;COIMEX ADM CONS S.A.                                        ;1;AM;16
202312;COIMEX ADM CONS S.A.                                        ;3;AM;26
202312;COIMEX ADM CONS S.A.                                        ;4;AM;7
202312;COIMEX ADM CONS S.A.                                        ;6;AM;2
202312;COIMEX ADM CONS S.A.                                        ;1;AP;3
202312;COIMEX ADM CONS S.A.                                        ;3;AP;6
202312;COIMEX ADM CONS S.A.                                        ;4;AP;1
202312;COIMEX ADM CONS S.A.                                        ;6;AP;0
202312;COIMEX ADM CONS S.A.                                        ;1;BA;108
202312;COIMEX ADM CONS S.A.                                        ;2;BA;0
202312;COIMEX ADM CONS S.A.                                        ;3;BA;167
202312;COIMEX ADM CONS S.A.                                        ;4;BA;88
202312;COIMEX ADM CONS S.A.                                        ;6;BA;1
202312;COIMEX ADM CONS S.A.                                        ;1;CE;32
202312;COIMEX ADM CONS S.A.                                        ;2;CE;1
202312;COIMEX ADM CONS S.A.                                        ;3;CE;96
202312;COIMEX ADM CONS S.A.                                        ;4;CE;25
202312;COIMEX ADM CONS S.A.                                        ;6;CE;0
202312;COIMEX ADM CONS S.A.                                        ;1;DF;109
202312;COIMEX ADM CONS S.A.                                        ;3;DF;81
202312;COIMEX ADM CONS S.A.                                        ;4;DF;10
202312;COIMEX ADM CONS S.A.                                        ;6;DF;2
202312;COIMEX ADM CONS S.A.                                        ;1;ES;61
202312;COIMEX ADM CONS S.A.                                        ;3;ES;136
202312;COIMEX ADM CONS S.A.                                        ;4;ES;20
202312;COIMEX ADM CONS S.A.                                        ;6;ES;4
202312;COIMEX ADM CONS S.A.                                        ;1;GO;62
202312;COIMEX ADM CONS S.A.                                        ;2;GO;0
202312;COIMEX ADM CONS S.A.                                        ;3;GO;101
202312;COIMEX ADM CONS S.A.                                        ;4;GO;39
202312;COIMEX ADM CONS S.A.                                        ;6;GO;4
202312;COIMEX ADM CONS S.A.                                        ;1;MA;16
202312;COIMEX ADM CONS S.A.                                        ;3;MA;24
202312;COIMEX ADM CONS S.A.                                        ;4;MA;11
202312;COIMEX ADM CONS S.A.                                        ;6;MA;1
202312;COIMEX ADM CONS S.A.                                        ;1;MG;198
202312;COIMEX ADM CONS S.A.                                        ;2;MG;0
202312;COIMEX ADM CONS S.A.                                        ;3;MG;281
202312;COIMEX ADM CONS S.A.                                        ;4;MG;137
202312;COIMEX ADM CONS S.A.                                        ;5;MG;0
202312;COIMEX ADM CONS S.A.                                        ;6;MG;9
202312;COIMEX ADM CONS S.A.                                        ;1;MS;27
202312;COIMEX ADM CONS S.A.                                        ;2;MS;1
202312;COIMEX ADM CONS S.A.                                        ;3;MS;45
202312;COIMEX ADM CONS S.A.                                        ;4;MS;16
202312;COIMEX ADM CONS S.A.                                        ;6;MS;0
202312;COIMEX ADM CONS S.A.                                        ;1;MT;30
202312;COIMEX ADM CONS S.A.                                        ;3;MT;38
202312;COIMEX ADM CONS S.A.                                        ;4;MT;18
202312;COIMEX ADM CONS S.A.                                        ;5;MT;0
202312;COIMEX ADM CONS S.A.                                        ;6;MT;1
202312;COIMEX ADM CONS S.A.                                        ;1;PA;35
202312;COIMEX ADM CONS S.A.                                        ;3;PA;95
202312;COIMEX ADM CONS S.A.                                        ;4;PA;49
202312;COIMEX ADM CONS S.A.                                        ;6;PA;0
202312;COIMEX ADM CONS S.A.                                        ;1;PB;16
202312;COIMEX ADM CONS S.A.                                        ;2;PB;1
202312;COIMEX ADM CONS S.A.                                        ;3;PB;55
202312;COIMEX ADM CONS S.A.                                        ;4;PB;14
202312;COIMEX ADM CONS S.A.                                        ;6;PB;0
202312;COIMEX ADM CONS S.A.                                        ;1;PE;45
202312;COIMEX ADM CONS S.A.                                        ;2;PE;0
202312;COIMEX ADM CONS S.A.                                        ;3;PE;67
202312;COIMEX ADM CONS S.A.                                        ;4;PE;28
202312;COIMEX ADM CONS S.A.                                        ;5;PE;0
202312;COIMEX ADM CONS S.A.                                        ;6;PE;1
202312;COIMEX ADM CONS S.A.                                        ;1;PI;6
202312;COIMEX ADM CONS S.A.                                        ;3;PI;19
202312;COIMEX ADM CONS S.A.                                        ;4;PI;5
202312;COIMEX ADM CONS S.A.                                        ;6;PI;0
202312;COIMEX ADM CONS S.A.                                        ;1;PR;120
202312;COIMEX ADM CONS S.A.                                        ;3;PR;154
202312;COIMEX ADM CONS S.A.                                        ;4;PR;61
202312;COIMEX ADM CONS S.A.                                        ;5;PR;0
202312;COIMEX ADM CONS S.A.                                        ;6;PR;4
202312;COIMEX ADM CONS S.A.                                        ;1;RJ;140
202312;COIMEX ADM CONS S.A.                                        ;2;RJ;0
202312;COIMEX ADM CONS S.A.                                        ;3;RJ;290
202312;COIMEX ADM CONS S.A.                                        ;4;RJ;82
202312;COIMEX ADM CONS S.A.                                        ;6;RJ;7
202312;COIMEX ADM CONS S.A.                                        ;1;RN;12
202312;COIMEX ADM CONS S.A.                                        ;3;RN;15
202312;COIMEX ADM CONS S.A.                                        ;4;RN;14
202312;COIMEX ADM CONS S.A.                                        ;5;RN;0
202312;COIMEX ADM CONS S.A.                                        ;6;RN;3
202312;COIMEX ADM CONS S.A.                                        ;1;RO;10
202312;COIMEX ADM CONS S.A.                                        ;3;RO;24
202312;COIMEX ADM CONS S.A.                                        ;4;RO;6
202312;COIMEX ADM CONS S.A.                                        ;6;RO;0
202312;COIMEX ADM CONS S.A.                                        ;1;RR;2
202312;COIMEX ADM CONS S.A.                                        ;3;RR;4
202312;COIMEX ADM CONS S.A.                                        ;4;RR;0
202312;COIMEX ADM CONS S.A.                                        ;1;RS;46
202312;COIMEX ADM CONS S.A.                                        ;3;RS;65
202312;COIMEX ADM CONS S.A.                                        ;4;RS;12
202312;COIMEX ADM CONS S.A.                                        ;5;RS;0
202312;COIMEX ADM CONS S.A.                                        ;6;RS;1
202312;COIMEX ADM CONS S.A.                                        ;1;SC;77
202312;COIMEX ADM CONS S.A.                                        ;2;SC;1
202312;COIMEX ADM CONS S.A.                                        ;3;SC;86
202312;COIMEX ADM CONS S.A.                                        ;4;SC;31
202312;COIMEX ADM CONS S.A.                                        ;5;SC;0
202312;COIMEX ADM CONS S.A.                                        ;6;SC;2
202312;COIMEX ADM CONS S.A.                                        ;1;SE;14
202312;COIMEX ADM CONS S.A.                                        ;3;SE;30
202312;COIMEX ADM CONS S.A.                                        ;4;SE;112
202312;COIMEX ADM CONS S.A.                                        ;6;SE;0
202312;COIMEX ADM CONS S.A.                                        ;1;SP;806
202312;COIMEX ADM CONS S.A.                                        ;2;SP;3
202312;COIMEX ADM CONS S.A.                                        ;3;SP;1180
202312;COIMEX ADM CONS S.A.                                        ;4;SP;361
202312;COIMEX ADM CONS S.A.                                        ;5;SP;0
202312;COIMEX ADM CONS S.A.                                        ;6;SP;15
202312;COIMEX ADM CONS S.A.                                        ;1;TO;5
202312;COIMEX ADM CONS S.A.                                        ;3;TO;15
202312;COIMEX ADM CONS S.A.                                        ;4;TO;4
202312;COIMEX ADM CONS S.A.                                        ;6;TO;0
202312;QUALINVEST ADM CONS LTDA.                                   ;2;SP;32
202312;CONSÓRCIO RESERVA                                           ;1;AC;0
202312;CONSÓRCIO RESERVA                                           ;2;AC;2
202312;CONSÓRCIO RESERVA                                           ;3;AC;0
202312;CONSÓRCIO RESERVA                                           ;6;AC;0
202312;CONSÓRCIO RESERVA                                           ;1;AL;0
202312;CONSÓRCIO RESERVA                                           ;2;AL;4
202312;CONSÓRCIO RESERVA                                           ;3;AL;0
202312;CONSÓRCIO RESERVA                                           ;4;AL;0
202312;CONSÓRCIO RESERVA                                           ;6;AL;0
202312;CONSÓRCIO RESERVA                                           ;1;AM;57
202312;CONSÓRCIO RESERVA                                           ;2;AM;8
202312;CONSÓRCIO RESERVA                                           ;3;AM;35
202312;CONSÓRCIO RESERVA                                           ;4;AM;38
202312;CONSÓRCIO RESERVA                                           ;6;AM;17
202312;CONSÓRCIO RESERVA                                           ;1;AP;1
202312;CONSÓRCIO RESERVA                                           ;2;AP;0
202312;CONSÓRCIO RESERVA                                           ;3;AP;2
202312;CONSÓRCIO RESERVA                                           ;4;AP;6
202312;CONSÓRCIO RESERVA                                           ;6;AP;1
202312;CONSÓRCIO RESERVA                                           ;1;BA;1
202312;CONSÓRCIO RESERVA                                           ;2;BA;8
202312;CONSÓRCIO RESERVA                                           ;3;BA;9
202312;CONSÓRCIO RESERVA                                           ;4;BA;0
202312;CONSÓRCIO RESERVA                                           ;6;BA;0
202312;CONSÓRCIO RESERVA                                           ;1;CE;14
202312;CONSÓRCIO RESERVA                                           ;2;CE;27
202312;CONSÓRCIO RESERVA                                           ;3;CE;112
202312;CONSÓRCIO RESERVA                                           ;4;CE;47
202312;CONSÓRCIO RESERVA                                           ;6;CE;1
202312;CONSÓRCIO RESERVA                                           ;1;DF;9
202312;CONSÓRCIO RESERVA                                           ;2;DF;6
202312;CONSÓRCIO RESERVA                                           ;3;DF;11
202312;CONSÓRCIO RESERVA                                           ;4;DF;1
202312;CONSÓRCIO RESERVA                                           ;6;DF;0
202312;CONSÓRCIO RESERVA                                           ;1;ES;0
202312;CONSÓRCIO RESERVA                                           ;2;ES;7
202312;CONSÓRCIO RESERVA                                           ;3;ES;0
202312;CONSÓRCIO RESERVA                                           ;4;ES;0
202312;CONSÓRCIO RESERVA                                           ;6;ES;0
202312;CONSÓRCIO RESERVA                                           ;1;GO;7
202312;CONSÓRCIO RESERVA                                           ;2;GO;38
202312;CONSÓRCIO RESERVA                                           ;3;GO;43
202312;CONSÓRCIO RESERVA                                           ;4;GO;30
202312;CONSÓRCIO RESERVA                                           ;6;GO;2
202312;CONSÓRCIO RESERVA                                           ;1;MA;6
202312;CONSÓRCIO RESERVA                                           ;2;MA;7
202312;CONSÓRCIO RESERVA                                           ;3;MA;25
202312;CONSÓRCIO RESERVA                                           ;4;MA;9
202312;CONSÓRCIO RESERVA                                           ;6;MA;0
202312;CONSÓRCIO RESERVA                                           ;1;MG;15
202312;CONSÓRCIO RESERVA                                           ;2;MG;92
202312;CONSÓRCIO RESERVA                                           ;3;MG;3
202312;CONSÓRCIO RESERVA                                           ;4;MG;2
202312;CONSÓRCIO RESERVA                                           ;6;MG;8
202312;CONSÓRCIO RESERVA                                           ;1;MS;1
202312;CONSÓRCIO RESERVA                                           ;2;MS;7
202312;CONSÓRCIO RESERVA                                           ;3;MS;0
202312;CONSÓRCIO RESERVA                                           ;4;MS;1
202312;CONSÓRCIO RESERVA                                           ;1;MT;1
202312;CONSÓRCIO RESERVA                                           ;2;MT;11
202312;CONSÓRCIO RESERVA                                           ;3;MT;2
202312;CONSÓRCIO RESERVA                                           ;1;PA;1
202312;CONSÓRCIO RESERVA                                           ;2;PA;20
202312;CONSÓRCIO RESERVA                                           ;3;PA;42
202312;CONSÓRCIO RESERVA                                           ;4;PA;115
202312;CONSÓRCIO RESERVA                                           ;6;PA;9
202312;CONSÓRCIO RESERVA                                           ;1;PB;11
202312;CONSÓRCIO RESERVA                                           ;2;PB;21
202312;CONSÓRCIO RESERVA                                           ;3;PB;55
202312;CONSÓRCIO RESERVA                                           ;4;PB;26
202312;CONSÓRCIO RESERVA                                           ;6;PB;6
202312;CONSÓRCIO RESERVA                                           ;1;PE;3
202312;CONSÓRCIO RESERVA                                           ;2;PE;6
202312;CONSÓRCIO RESERVA                                           ;3;PE;8
202312;CONSÓRCIO RESERVA                                           ;4;PE;4
202312;CONSÓRCIO RESERVA                                           ;6;PE;0
202312;CONSÓRCIO RESERVA                                           ;1;PI;0
202312;CONSÓRCIO RESERVA                                           ;2;PI;3
202312;CONSÓRCIO RESERVA                                           ;3;PI;0
202312;CONSÓRCIO RESERVA                                           ;4;PI;1
202312;CONSÓRCIO RESERVA                                           ;1;PR;34
202312;CONSÓRCIO RESERVA                                           ;2;PR;6
202312;CONSÓRCIO RESERVA                                           ;3;PR;1
202312;CONSÓRCIO RESERVA                                           ;6;PR;0
202312;CONSÓRCIO RESERVA                                           ;1;RJ;6
202312;CONSÓRCIO RESERVA                                           ;2;RJ;5
202312;CONSÓRCIO RESERVA                                           ;3;RJ;1
202312;CONSÓRCIO RESERVA                                           ;4;RJ;0
202312;CONSÓRCIO RESERVA                                           ;6;RJ;0
202312;CONSÓRCIO RESERVA                                           ;1;RN;2
202312;CONSÓRCIO RESERVA                                           ;2;RN;5
202312;CONSÓRCIO RESERVA                                           ;3;RN;30
202312;CONSÓRCIO RESERVA                                           ;4;RN;29
202312;CONSÓRCIO RESERVA                                           ;6;RN;4
202312;CONSÓRCIO RESERVA                                           ;1;RO;1
202312;CONSÓRCIO RESERVA                                           ;2;RO;2
202312;CONSÓRCIO RESERVA                                           ;3;RO;1
202312;CONSÓRCIO RESERVA                                           ;4;RO;0
202312;CONSÓRCIO RESERVA                                           ;6;RO;2
202312;CONSÓRCIO RESERVA                                           ;1;RR;0
202312;CONSÓRCIO RESERVA                                           ;2;RR;1
202312;CONSÓRCIO RESERVA                                           ;3;RR;0
202312;CONSÓRCIO RESERVA                                           ;1;RS;21
202312;CONSÓRCIO RESERVA                                           ;2;RS;20
202312;CONSÓRCIO RESERVA                                           ;3;RS;69
202312;CONSÓRCIO RESERVA                                           ;6;RS;0
202312;CONSÓRCIO RESERVA                                           ;1;SC;36
202312;CONSÓRCIO RESERVA                                           ;2;SC;4
202312;CONSÓRCIO RESERVA                                           ;3;SC;4
202312;CONSÓRCIO RESERVA                                           ;4;SC;0
202312;CONSÓRCIO RESERVA                                           ;6;SC;0
202312;CONSÓRCIO RESERVA                                           ;1;SE;0
202312;CONSÓRCIO RESERVA                                           ;2;SE;0
202312;CONSÓRCIO RESERVA                                           ;3;SE;0
202312;CONSÓRCIO RESERVA                                           ;6;SE;0
202312;CONSÓRCIO RESERVA                                           ;1;SP;141
202312;CONSÓRCIO RESERVA                                           ;2;SP;90
202312;CONSÓRCIO RESERVA                                           ;3;SP;29
202312;CONSÓRCIO RESERVA                                           ;4;SP;4
202312;CONSÓRCIO RESERVA                                           ;6;SP;6
202312;CONSÓRCIO RESERVA                                           ;1;TO;0
202312;CONSÓRCIO RESERVA                                           ;2;TO;1
202312;CONSÓRCIO RESERVA                                           ;3;TO;7
202312;CONSÓRCIO RESERVA                                           ;4;TO;3
202312;CONSÓRCIO RESERVA                                           ;6;TO;0
202312;FED.NAC.ASSOC.SERV.BCO CENTRAL                              ;3;AM;0
202312;FED.NAC.ASSOC.SERV.BCO CENTRAL                              ;3;BA;0
202312;FED.NAC.ASSOC.SERV.BCO CENTRAL                              ;5;BA;0
202312;FED.NAC.ASSOC.SERV.BCO CENTRAL                              ;3;CE;1
202312;FED.NAC.ASSOC.SERV.BCO CENTRAL                              ;5;CE;0
202312;FED.NAC.ASSOC.SERV.BCO CENTRAL                              ;3;DF;3
202312;FED.NAC.ASSOC.SERV.BCO CENTRAL                              ;5;DF;0
202312;FED.NAC.ASSOC.SERV.BCO CENTRAL                              ;3;GO;0
202312;FED.NAC.ASSOC.SERV.BCO CENTRAL                              ;3;MG;0
202312;FED.NAC.ASSOC.SERV.BCO CENTRAL                              ;5;MG;0
202312;FED.NAC.ASSOC.SERV.BCO CENTRAL                              ;3;PA;0
202312;FED.NAC.ASSOC.SERV.BCO CENTRAL                              ;5;PA;0
202312;FED.NAC.ASSOC.SERV.BCO CENTRAL                              ;3;PE;0
202312;FED.NAC.ASSOC.SERV.BCO CENTRAL                              ;5;PE;0
202312;FED.NAC.ASSOC.SERV.BCO CENTRAL                              ;3;PR;0
202312;FED.NAC.ASSOC.SERV.BCO CENTRAL                              ;5;PR;0
202312;FED.NAC.ASSOC.SERV.BCO CENTRAL                              ;3;RJ;0
202312;FED.NAC.ASSOC.SERV.BCO CENTRAL                              ;5;RJ;0
202312;FED.NAC.ASSOC.SERV.BCO CENTRAL                              ;3;RS;0
202312;FED.NAC.ASSOC.SERV.BCO CENTRAL                              ;5;RS;0
202312;FED.NAC.ASSOC.SERV.BCO CENTRAL                              ;3;SC;0
202312;FED.NAC.ASSOC.SERV.BCO CENTRAL                              ;3;SP;0
202312;FED.NAC.ASSOC.SERV.BCO CENTRAL                              ;3;TO;0
202312;CLUBE NAVAL                                                 ;3;AL;0
202312;CLUBE NAVAL                                                 ;3;AM;0
202312;CLUBE NAVAL                                                 ;3;BA;0
202312;CLUBE NAVAL                                                 ;3;CE;0
202312;CLUBE NAVAL                                                 ;3;DF;0
202312;CLUBE NAVAL                                                 ;3;ES;0
202312;CLUBE NAVAL                                                 ;3;MA;0
202312;CLUBE NAVAL                                                 ;3;MG;0
202312;CLUBE NAVAL                                                 ;3;MS;0
202312;CLUBE NAVAL                                                 ;3;PA;0
202312;CLUBE NAVAL                                                 ;3;PB;0
202312;CLUBE NAVAL                                                 ;3;PE;0
202312;CLUBE NAVAL                                                 ;3;PR;0
202312;CLUBE NAVAL                                                 ;3;RJ;1
202312;CLUBE NAVAL                                                 ;3;RN;0
202312;CLUBE NAVAL                                                 ;3;RS;0
202312;CLUBE NAVAL                                                 ;3;SC;0
202312;CLUBE NAVAL                                                 ;3;SE;0
202312;CLUBE NAVAL                                                 ;3;SP;0
202312;XS5 ADM CONS S.A.                                           ;1;AC;51
202312;XS5 ADM CONS S.A.                                           ;2;AC;2
202312;XS5 ADM CONS S.A.                                           ;3;AC;54
202312;XS5 ADM CONS S.A.                                           ;1;AL;132
202312;XS5 ADM CONS S.A.                                           ;2;AL;7
202312;XS5 ADM CONS S.A.                                           ;3;AL;180
202312;XS5 ADM CONS S.A.                                           ;1;AM;137
202312;XS5 ADM CONS S.A.                                           ;2;AM;30
202312;XS5 ADM CONS S.A.                                           ;3;AM;161
202312;XS5 ADM CONS S.A.                                           ;1;AP;11
202312;XS5 ADM CONS S.A.                                           ;2;AP;2
202312;XS5 ADM CONS S.A.                                           ;3;AP;22
202312;XS5 ADM CONS S.A.                                           ;1;BA;471
202312;XS5 ADM CONS S.A.                                           ;2;BA;100
202312;XS5 ADM CONS S.A.                                           ;3;BA;872
202312;XS5 ADM CONS S.A.                                           ;1;CE;270
202312;XS5 ADM CONS S.A.                                           ;2;CE;32
202312;XS5 ADM CONS S.A.                                           ;3;CE;372
202312;XS5 ADM CONS S.A.                                           ;1;DF;216
202312;XS5 ADM CONS S.A.                                           ;2;DF;31
202312;XS5 ADM CONS S.A.                                           ;3;DF;225
202312;XS5 ADM CONS S.A.                                           ;1;ES;164
202312;XS5 ADM CONS S.A.                                           ;2;ES;37
202312;XS5 ADM CONS S.A.                                           ;3;ES;247
202312;XS5 ADM CONS S.A.                                           ;1;GO;409
202312;XS5 ADM CONS S.A.                                           ;2;GO;76
202312;XS5 ADM CONS S.A.                                           ;3;GO;729
202312;XS5 ADM CONS S.A.                                           ;1;MA;144
202312;XS5 ADM CONS S.A.                                           ;2;MA;43
202312;XS5 ADM CONS S.A.                                           ;3;MA;202
202312;XS5 ADM CONS S.A.                                           ;1;MG;988
202312;XS5 ADM CONS S.A.                                           ;2;MG;116
202312;XS5 ADM CONS S.A.                                           ;3;MG;1243
202312;XS5 ADM CONS S.A.                                           ;1;MS;102
202312;XS5 ADM CONS S.A.                                           ;2;MS;29
202312;XS5 ADM CONS S.A.                                           ;3;MS;156
202312;XS5 ADM CONS S.A.                                           ;1;MT;198
202312;XS5 ADM CONS S.A.                                           ;2;MT;77
202312;XS5 ADM CONS S.A.                                           ;3;MT;318
202312;XS5 ADM CONS S.A.                                           ;1;PA;286
202312;XS5 ADM CONS S.A.                                           ;2;PA;43
202312;XS5 ADM CONS S.A.                                           ;3;PA;286
202312;XS5 ADM CONS S.A.                                           ;1;PB;105
202312;XS5 ADM CONS S.A.                                           ;2;PB;13
202312;XS5 ADM CONS S.A.                                           ;3;PB;116
202312;XS5 ADM CONS S.A.                                           ;1;PE;289
202312;XS5 ADM CONS S.A.                                           ;2;PE;55
202312;XS5 ADM CONS S.A.                                           ;3;PE;367
202312;XS5 ADM CONS S.A.                                           ;1;PI;91
202312;XS5 ADM CONS S.A.                                           ;2;PI;26
202312;XS5 ADM CONS S.A.                                           ;3;PI;295
202312;XS5 ADM CONS S.A.                                           ;1;PR;711
202312;XS5 ADM CONS S.A.                                           ;2;PR;96
202312;XS5 ADM CONS S.A.                                           ;3;PR;809
202312;XS5 ADM CONS S.A.                                           ;1;RJ;900
202312;XS5 ADM CONS S.A.                                           ;2;RJ;55
202312;XS5 ADM CONS S.A.                                           ;3;RJ;825
202312;XS5 ADM CONS S.A.                                           ;1;RN;88
202312;XS5 ADM CONS S.A.                                           ;2;RN;17
202312;XS5 ADM CONS S.A.                                           ;3;RN;161
202312;XS5 ADM CONS S.A.                                           ;1;RO;132
202312;XS5 ADM CONS S.A.                                           ;2;RO;15
202312;XS5 ADM CONS S.A.                                           ;3;RO;223
202312;XS5 ADM CONS S.A.                                           ;1;RR;18
202312;XS5 ADM CONS S.A.                                           ;2;RR;2
202312;XS5 ADM CONS S.A.                                           ;3;RR;16
202312;XS5 ADM CONS S.A.                                           ;1;RS;601
202312;XS5 ADM CONS S.A.                                           ;2;RS;94
202312;XS5 ADM CONS S.A.                                           ;3;RS;743
202312;XS5 ADM CONS S.A.                                           ;1;SC;435
202312;XS5 ADM CONS S.A.                                           ;2;SC;79
202312;XS5 ADM CONS S.A.                                           ;3;SC;709
202312;XS5 ADM CONS S.A.                                           ;1;SE;67
202312;XS5 ADM CONS S.A.                                           ;2;SE;4
202312;XS5 ADM CONS S.A.                                           ;3;SE;159
202312;XS5 ADM CONS S.A.                                           ;1;SP;2069
202312;XS5 ADM CONS S.A.                                           ;2;SP;230
202312;XS5 ADM CONS S.A.                                           ;3;SP;2204
202312;XS5 ADM CONS S.A.                                           ;1;TO;58
202312;XS5 ADM CONS S.A.                                           ;2;TO;22
202312;XS5 ADM CONS S.A.                                           ;3;TO;143
202312;EUTBEM ADM CONS S.A.                                        ;3;BA;1
202312;EUTBEM ADM CONS S.A.                                        ;6;BA;0
202312;EUTBEM ADM CONS S.A.                                        ;3;DF;0
202312;EUTBEM ADM CONS S.A.                                        ;6;DF;0
202312;EUTBEM ADM CONS S.A.                                        ;6;ES;0
202312;EUTBEM ADM CONS S.A.                                        ;3;GO;0
202312;EUTBEM ADM CONS S.A.                                        ;6;GO;0
202312;EUTBEM ADM CONS S.A.                                        ;3;MG;0
202312;EUTBEM ADM CONS S.A.                                        ;6;MG;0
202312;EUTBEM ADM CONS S.A.                                        ;6;MS;0
202312;EUTBEM ADM CONS S.A.                                        ;6;PA;0
202312;EUTBEM ADM CONS S.A.                                        ;6;PB;0
202312;EUTBEM ADM CONS S.A.                                        ;6;PE;0
202312;EUTBEM ADM CONS S.A.                                        ;6;PI;0
202312;EUTBEM ADM CONS S.A.                                        ;6;PR;0
202312;EUTBEM ADM CONS S.A.                                        ;3;RJ;0
202312;EUTBEM ADM CONS S.A.                                        ;6;RJ;0
202312;EUTBEM ADM CONS S.A.                                        ;6;RN;3
202312;EUTBEM ADM CONS S.A.                                        ;6;RR;0
202312;EUTBEM ADM CONS S.A.                                        ;3;RS;0
202312;EUTBEM ADM CONS S.A.                                        ;6;RS;0
202312;EUTBEM ADM CONS S.A.                                        ;3;SC;1
202312;EUTBEM ADM CONS S.A.                                        ;6;SC;0
202312;EUTBEM ADM CONS S.A.                                        ;3;SE;1
202312;EUTBEM ADM CONS S.A.                                        ;3;SP;3
202312;EUTBEM ADM CONS S.A.                                        ;6;SP;0
202312;KLUBI                                                       ;3;AC;1
202312;KLUBI                                                       ;5;AC;5
202312;KLUBI                                                       ;3;AL;7
202312;KLUBI                                                       ;5;AL;16
202312;KLUBI                                                       ;3;AM;13
202312;KLUBI                                                       ;5;AM;54
202312;KLUBI                                                       ;3;AP;5
202312;KLUBI                                                       ;5;AP;17
202312;KLUBI                                                       ;3;BA;44
202312;KLUBI                                                       ;5;BA;118
202312;KLUBI                                                       ;3;CE;24
202312;KLUBI                                                       ;5;CE;62
202312;KLUBI                                                       ;3;DF;21
202312;KLUBI                                                       ;5;DF;51
202312;KLUBI                                                       ;3;ES;32
202312;KLUBI                                                       ;5;ES;92
202312;KLUBI                                                       ;3;GO;53
202312;KLUBI                                                       ;5;GO;102
202312;KLUBI                                                       ;3;MA;13
202312;KLUBI                                                       ;5;MA;39
202312;KLUBI                                                       ;3;MG;107
202312;KLUBI                                                       ;5;MG;291
202312;KLUBI                                                       ;3;MS;14
202312;KLUBI                                                       ;5;MS;31
202312;KLUBI                                                       ;3;MT;23
202312;KLUBI                                                       ;5;MT;69
202312;KLUBI                                                       ;3;PA;11
202312;KLUBI                                                       ;5;PA;88
202312;KLUBI                                                       ;3;PB;6
202312;KLUBI                                                       ;5;PB;21
202312;KLUBI                                                       ;3;PE;15
202312;KLUBI                                                       ;5;PE;46
202312;KLUBI                                                       ;3;PI;10
202312;KLUBI                                                       ;5;PI;20
202312;KLUBI                                                       ;3;PR;51
202312;KLUBI                                                       ;5;PR;65
202312;KLUBI                                                       ;3;RJ;94
202312;KLUBI                                                       ;5;RJ;243
202312;KLUBI                                                       ;3;RN;5
202312;KLUBI                                                       ;5;RN;24
202312;KLUBI                                                       ;3;RO;8
202312;KLUBI                                                       ;5;RO;17
202312;KLUBI                                                       ;3;RR;1
202312;KLUBI                                                       ;5;RR;11
202312;KLUBI                                                       ;3;RS;30
202312;KLUBI                                                       ;5;RS;101
202312;KLUBI                                                       ;3;SC;34
202312;KLUBI                                                       ;5;SC;73
202312;KLUBI                                                       ;3;SE;5
202312;KLUBI                                                       ;5;SE;37
202312;KLUBI                                                       ;3;SP;436
202312;KLUBI                                                       ;4;SP;0
202312;KLUBI                                                       ;5;SP;542
202312;KLUBI                                                       ;3;TO;7
202312;KLUBI                                                       ;5;TO;6
202312;EVOY ADM CONS LTDA.                                         ;3;AC;2
202312;EVOY ADM CONS LTDA.                                         ;3;AL;10
202312;EVOY ADM CONS LTDA.                                         ;6;AL;2
202312;EVOY ADM CONS LTDA.                                         ;1;AM;2
202312;EVOY ADM CONS LTDA.                                         ;3;AM;58
202312;EVOY ADM CONS LTDA.                                         ;1;AP;6
202312;EVOY ADM CONS LTDA.                                         ;3;AP;45
202312;EVOY ADM CONS LTDA.                                         ;1;BA;23
202312;EVOY ADM CONS LTDA.                                         ;3;BA;50
202312;EVOY ADM CONS LTDA.                                         ;1;CE;12
202312;EVOY ADM CONS LTDA.                                         ;3;CE;24
202312;EVOY ADM CONS LTDA.                                         ;1;DF;19
202312;EVOY ADM CONS LTDA.                                         ;3;DF;16
202312;EVOY ADM CONS LTDA.                                         ;1;ES;75
202312;EVOY ADM CONS LTDA.                                         ;3;ES;49
202312;EVOY ADM CONS LTDA.                                         ;1;GO;10
202312;EVOY ADM CONS LTDA.                                         ;3;GO;92
202312;EVOY ADM CONS LTDA.                                         ;1;MA;6
202312;EVOY ADM CONS LTDA.                                         ;3;MA;44
202312;EVOY ADM CONS LTDA.                                         ;1;MG;29
202312;EVOY ADM CONS LTDA.                                         ;3;MG;149
202312;EVOY ADM CONS LTDA.                                         ;5;MG;1
202312;EVOY ADM CONS LTDA.                                         ;6;MG;5
202312;EVOY ADM CONS LTDA.                                         ;1;MS;5
202312;EVOY ADM CONS LTDA.                                         ;3;MS;38
202312;EVOY ADM CONS LTDA.                                         ;1;MT;25
202312;EVOY ADM CONS LTDA.                                         ;3;MT;52
202312;EVOY ADM CONS LTDA.                                         ;1;PA;6
202312;EVOY ADM CONS LTDA.                                         ;3;PA;195
202312;EVOY ADM CONS LTDA.                                         ;6;PA;9
202312;EVOY ADM CONS LTDA.                                         ;1;PB;2
202312;EVOY ADM CONS LTDA.                                         ;3;PB;10
202312;EVOY ADM CONS LTDA.                                         ;6;PB;1
202312;EVOY ADM CONS LTDA.                                         ;1;PE;19
202312;EVOY ADM CONS LTDA.                                         ;3;PE;31
202312;EVOY ADM CONS LTDA.                                         ;1;PI;1
202312;EVOY ADM CONS LTDA.                                         ;3;PI;14
202312;EVOY ADM CONS LTDA.                                         ;6;PI;1
202312;EVOY ADM CONS LTDA.                                         ;1;PR;17
202312;EVOY ADM CONS LTDA.                                         ;3;PR;63
202312;EVOY ADM CONS LTDA.                                         ;6;PR;7
202312;EVOY ADM CONS LTDA.                                         ;1;RJ;18
202312;EVOY ADM CONS LTDA.                                         ;3;RJ;51
202312;EVOY ADM CONS LTDA.                                         ;6;RJ;5
202312;EVOY ADM CONS LTDA.                                         ;3;RN;49
202312;EVOY ADM CONS LTDA.                                         ;6;RN;2
202312;EVOY ADM CONS LTDA.                                         ;3;RO;15
202312;EVOY ADM CONS LTDA.                                         ;3;RR;3
202312;EVOY ADM CONS LTDA.                                         ;1;RS;20
202312;EVOY ADM CONS LTDA.                                         ;3;RS;47
202312;EVOY ADM CONS LTDA.                                         ;6;RS;2
202312;EVOY ADM CONS LTDA.                                         ;1;SC;19
202312;EVOY ADM CONS LTDA.                                         ;3;SC;43
202312;EVOY ADM CONS LTDA.                                         ;3;SE;16
202312;EVOY ADM CONS LTDA.                                         ;6;SE;2
202312;EVOY ADM CONS LTDA.                                         ;1;SP;66
202312;EVOY ADM CONS LTDA.                                         ;3;SP;443
202312;EVOY ADM CONS LTDA.                                         ;5;SP;30
202312;EVOY ADM CONS LTDA.                                         ;6;SP;192
202312;EVOY ADM CONS LTDA.                                         ;1;TO;3
202312;EVOY ADM CONS LTDA.                                         ;3;TO;17
202312;TOYOTA ADM CONS BRASIL LTDA.                                ;3;AC;13
202312;TOYOTA ADM CONS BRASIL LTDA.                                ;3;AL;44
202312;TOYOTA ADM CONS BRASIL LTDA.                                ;3;AM;32
202312;TOYOTA ADM CONS BRASIL LTDA.                                ;3;AP;22
202312;TOYOTA ADM CONS BRASIL LTDA.                                ;3;BA;235
202312;TOYOTA ADM CONS BRASIL LTDA.                                ;3;CE;51
202312;TOYOTA ADM CONS BRASIL LTDA.                                ;3;DF;106
202312;TOYOTA ADM CONS BRASIL LTDA.                                ;3;ES;43
202312;TOYOTA ADM CONS BRASIL LTDA.                                ;3;GO;154
202312;TOYOTA ADM CONS BRASIL LTDA.                                ;3;MA;83
202312;TOYOTA ADM CONS BRASIL LTDA.                                ;3;MG;117
202312;TOYOTA ADM CONS BRASIL LTDA.                                ;3;MS;129
202312;TOYOTA ADM CONS BRASIL LTDA.                                ;3;MT;8
202312;TOYOTA ADM CONS BRASIL LTDA.                                ;3;PA;61
202312;TOYOTA ADM CONS BRASIL LTDA.                                ;3;PB;42
202312;TOYOTA ADM CONS BRASIL LTDA.                                ;3;PE;99
202312;TOYOTA ADM CONS BRASIL LTDA.                                ;3;PI;41
202312;TOYOTA ADM CONS BRASIL LTDA.                                ;3;PR;115
202312;TOYOTA ADM CONS BRASIL LTDA.                                ;3;RJ;118
202312;TOYOTA ADM CONS BRASIL LTDA.                                ;3;RN;25
202312;TOYOTA ADM CONS BRASIL LTDA.                                ;3;RO;34
202312;TOYOTA ADM CONS BRASIL LTDA.                                ;3;RR;15
202312;TOYOTA ADM CONS BRASIL LTDA.                                ;3;RS;132
202312;TOYOTA ADM CONS BRASIL LTDA.                                ;3;SC;129
202312;TOYOTA ADM CONS BRASIL LTDA.                                ;3;SE;25
202312;TOYOTA ADM CONS BRASIL LTDA.                                ;3;SP;417
202312;TOYOTA ADM CONS BRASIL LTDA.                                ;3;TO;39
202312;CONSHOP ADM. CONS. LTDA                                     ;3;AL;0
202312;CONSHOP ADM. CONS. LTDA                                     ;4;AL;0
202312;CONSHOP ADM. CONS. LTDA                                     ;1;AM;0
202312;CONSHOP ADM. CONS. LTDA                                     ;2;AM;0
202312;CONSHOP ADM. CONS. LTDA                                     ;3;AM;0
202312;CONSHOP ADM. CONS. LTDA                                     ;4;AM;0
202312;CONSHOP ADM. CONS. LTDA                                     ;1;BA;0
202312;CONSHOP ADM. CONS. LTDA                                     ;3;BA;1
202312;CONSHOP ADM. CONS. LTDA                                     ;4;BA;0
202312;CONSHOP ADM. CONS. LTDA                                     ;3;CE;0
202312;CONSHOP ADM. CONS. LTDA                                     ;3;DF;0
202312;CONSHOP ADM. CONS. LTDA                                     ;3;ES;0
202312;CONSHOP ADM. CONS. LTDA                                     ;1;GO;0
202312;CONSHOP ADM. CONS. LTDA                                     ;3;GO;0
202312;CONSHOP ADM. CONS. LTDA                                     ;3;MA;0
202312;CONSHOP ADM. CONS. LTDA                                     ;1;MG;0
202312;CONSHOP ADM. CONS. LTDA                                     ;2;MG;0
202312;CONSHOP ADM. CONS. LTDA                                     ;3;MG;1
202312;CONSHOP ADM. CONS. LTDA                                     ;4;MG;0
202312;CONSHOP ADM. CONS. LTDA                                     ;1;MS;0
202312;CONSHOP ADM. CONS. LTDA                                     ;2;MS;0
202312;CONSHOP ADM. CONS. LTDA                                     ;3;MS;0
202312;CONSHOP ADM. CONS. LTDA                                     ;3;MT;0
202312;CONSHOP ADM. CONS. LTDA                                     ;1;PE;0
202312;CONSHOP ADM. CONS. LTDA                                     ;3;PE;0
202312;CONSHOP ADM. CONS. LTDA                                     ;4;PE;0
202312;CONSHOP ADM. CONS. LTDA                                     ;3;PI;0
202312;CONSHOP ADM. CONS. LTDA                                     ;1;PR;0
202312;CONSHOP ADM. CONS. LTDA                                     ;2;PR;0
202312;CONSHOP ADM. CONS. LTDA                                     ;3;PR;0
202312;CONSHOP ADM. CONS. LTDA                                     ;1;RJ;0
202312;CONSHOP ADM. CONS. LTDA                                     ;2;RJ;0
202312;CONSHOP ADM. CONS. LTDA                                     ;3;RJ;0
202312;CONSHOP ADM. CONS. LTDA                                     ;4;RJ;0
202312;CONSHOP ADM. CONS. LTDA                                     ;3;RO;0
202312;CONSHOP ADM. CONS. LTDA                                     ;3;RR;0
202312;CONSHOP ADM. CONS. LTDA                                     ;1;RS;0
202312;CONSHOP ADM. CONS. LTDA                                     ;3;SC;0
202312;CONSHOP ADM. CONS. LTDA                                     ;3;SE;0
202312;CONSHOP ADM. CONS. LTDA                                     ;4;SE;0
202312;CONSHOP ADM. CONS. LTDA                                     ;1;SP;23
202312;CONSHOP ADM. CONS. LTDA                                     ;2;SP;0
202312;CONSHOP ADM. CONS. LTDA                                     ;3;SP;71
202312;CONSHOP ADM. CONS. LTDA                                     ;4;SP;7
202312;COMAUTO ADM CONS LTDA.                                      ;2;AC;0
202312;COMAUTO ADM CONS LTDA.                                      ;3;AC;0
202312;COMAUTO ADM CONS LTDA.                                      ;2;AL;0
202312;COMAUTO ADM CONS LTDA.                                      ;4;AM;0
202312;COMAUTO ADM CONS LTDA.                                      ;2;AP;2
202312;COMAUTO ADM CONS LTDA.                                      ;3;AP;1
202312;COMAUTO ADM CONS LTDA.                                      ;2;BA;26
202312;COMAUTO ADM CONS LTDA.                                      ;3;BA;0
202312;COMAUTO ADM CONS LTDA.                                      ;4;BA;0
202312;COMAUTO ADM CONS LTDA.                                      ;1;CE;1
202312;COMAUTO ADM CONS LTDA.                                      ;2;CE;1
202312;COMAUTO ADM CONS LTDA.                                      ;2;DF;0
202312;COMAUTO ADM CONS LTDA.                                      ;3;DF;0
202312;COMAUTO ADM CONS LTDA.                                      ;4;DF;0
202312;COMAUTO ADM CONS LTDA.                                      ;2;ES;0
202312;COMAUTO ADM CONS LTDA.                                      ;1;GO;10
202312;COMAUTO ADM CONS LTDA.                                      ;2;GO;38
202312;COMAUTO ADM CONS LTDA.                                      ;3;GO;0
202312;COMAUTO ADM CONS LTDA.                                      ;4;GO;0
202312;COMAUTO ADM CONS LTDA.                                      ;2;MA;1
202312;COMAUTO ADM CONS LTDA.                                      ;3;MA;0
202312;COMAUTO ADM CONS LTDA.                                      ;1;MG;1
202312;COMAUTO ADM CONS LTDA.                                      ;2;MG;1
202312;COMAUTO ADM CONS LTDA.                                      ;3;MG;1
202312;COMAUTO ADM CONS LTDA.                                      ;4;MG;0
202312;COMAUTO ADM CONS LTDA.                                      ;1;MS;0
202312;COMAUTO ADM CONS LTDA.                                      ;2;MS;0
202312;COMAUTO ADM CONS LTDA.                                      ;3;MS;1
202312;COMAUTO ADM CONS LTDA.                                      ;4;MS;0
202312;COMAUTO ADM CONS LTDA.                                      ;2;MT;15
202312;COMAUTO ADM CONS LTDA.                                      ;3;MT;0
202312;COMAUTO ADM CONS LTDA.                                      ;4;MT;0
202312;COMAUTO ADM CONS LTDA.                                      ;2;PA;0
202312;COMAUTO ADM CONS LTDA.                                      ;3;PA;0
202312;COMAUTO ADM CONS LTDA.                                      ;4;PA;1
202312;COMAUTO ADM CONS LTDA.                                      ;2;PB;1
202312;COMAUTO ADM CONS LTDA.                                      ;2;PE;0
202312;COMAUTO ADM CONS LTDA.                                      ;3;PE;0
202312;COMAUTO ADM CONS LTDA.                                      ;2;PI;0
202312;COMAUTO ADM CONS LTDA.                                      ;3;PI;0
202312;COMAUTO ADM CONS LTDA.                                      ;1;PR;1
202312;COMAUTO ADM CONS LTDA.                                      ;2;PR;2
202312;COMAUTO ADM CONS LTDA.                                      ;3;PR;1
202312;COMAUTO ADM CONS LTDA.                                      ;4;PR;0
202312;COMAUTO ADM CONS LTDA.                                      ;2;RJ;0
202312;COMAUTO ADM CONS LTDA.                                      ;3;RJ;0
202312;COMAUTO ADM CONS LTDA.                                      ;4;RJ;0
202312;COMAUTO ADM CONS LTDA.                                      ;2;RN;3
202312;COMAUTO ADM CONS LTDA.                                      ;4;RN;2
202312;COMAUTO ADM CONS LTDA.                                      ;2;RO;0
202312;COMAUTO ADM CONS LTDA.                                      ;2;RR;0
202312;COMAUTO ADM CONS LTDA.                                      ;1;RS;0
202312;COMAUTO ADM CONS LTDA.                                      ;2;RS;0
202312;COMAUTO ADM CONS LTDA.                                      ;3;RS;0
202312;COMAUTO ADM CONS LTDA.                                      ;1;SC;2
202312;COMAUTO ADM CONS LTDA.                                      ;2;SC;14
202312;COMAUTO ADM CONS LTDA.                                      ;3;SC;1
202312;COMAUTO ADM CONS LTDA.                                      ;4;SC;0
202312;COMAUTO ADM CONS LTDA.                                      ;2;SE;0
202312;COMAUTO ADM CONS LTDA.                                      ;3;SE;0
202312;COMAUTO ADM CONS LTDA.                                      ;1;SP;88
202312;COMAUTO ADM CONS LTDA.                                      ;2;SP;10
202312;COMAUTO ADM CONS LTDA.                                      ;3;SP;185
202312;COMAUTO ADM CONS LTDA.                                      ;4;SP;46
202312;COMAUTO ADM CONS LTDA.                                      ;2;TO;12
202312;COMAUTO ADM CONS LTDA.                                      ;4;TO;0
202312;FRA-FREIRE ADM. CONS. LTDA.                                 ;3;MG;0
202312;FRA-FREIRE ADM. CONS. LTDA.                                 ;4;MG;0
202312;FRA-FREIRE ADM. CONS. LTDA.                                 ;3;MS;0
202312;FRA-FREIRE ADM. CONS. LTDA.                                 ;4;MS;0
202312;FRA-FREIRE ADM. CONS. LTDA.                                 ;4;PA;0
202312;FRA-FREIRE ADM. CONS. LTDA.                                 ;4;PR;0
202312;FRA-FREIRE ADM. CONS. LTDA.                                 ;4;SC;0
202312;FRA-FREIRE ADM. CONS. LTDA.                                 ;3;SP;0
202312;FRA-FREIRE ADM. CONS. LTDA.                                 ;4;SP;26
202312;ADM CONS NAC HONDA LTDA                                     ;3;AC;2
202312;ADM CONS NAC HONDA LTDA                                     ;4;AC;1088
202312;ADM CONS NAC HONDA LTDA                                     ;3;AL;6
202312;ADM CONS NAC HONDA LTDA                                     ;4;AL;10745
202312;ADM CONS NAC HONDA LTDA                                     ;3;AM;62
202312;ADM CONS NAC HONDA LTDA                                     ;4;AM;4331
202312;ADM CONS NAC HONDA LTDA                                     ;3;AP;0
202312;ADM CONS NAC HONDA LTDA                                     ;4;AP;935
202312;ADM CONS NAC HONDA LTDA                                     ;3;BA;8
202312;ADM CONS NAC HONDA LTDA                                     ;4;BA;27761
202312;ADM CONS NAC HONDA LTDA                                     ;3;CE;3
202312;ADM CONS NAC HONDA LTDA                                     ;4;CE;12160
202312;ADM CONS NAC HONDA LTDA                                     ;3;DF;2
202312;ADM CONS NAC HONDA LTDA                                     ;4;DF;480
202312;ADM CONS NAC HONDA LTDA                                     ;3;ES;5
202312;ADM CONS NAC HONDA LTDA                                     ;4;ES;6081
202312;ADM CONS NAC HONDA LTDA                                     ;3;GO;11
202312;ADM CONS NAC HONDA LTDA                                     ;4;GO;7030
202312;ADM CONS NAC HONDA LTDA                                     ;3;MA;9
202312;ADM CONS NAC HONDA LTDA                                     ;4;MA;16830
202312;ADM CONS NAC HONDA LTDA                                     ;3;MG;55
202312;ADM CONS NAC HONDA LTDA                                     ;4;MG;16041
202312;ADM CONS NAC HONDA LTDA                                     ;3;MS;3
202312;ADM CONS NAC HONDA LTDA                                     ;4;MS;2329
202312;ADM CONS NAC HONDA LTDA                                     ;3;MT;10
202312;ADM CONS NAC HONDA LTDA                                     ;4;MT;7571
202312;ADM CONS NAC HONDA LTDA                                     ;3;PA;13
202312;ADM CONS NAC HONDA LTDA                                     ;4;PA;21019
202312;ADM CONS NAC HONDA LTDA                                     ;3;PB;2
202312;ADM CONS NAC HONDA LTDA                                     ;4;PB;7402
202312;ADM CONS NAC HONDA LTDA                                     ;3;PE;8
202312;ADM CONS NAC HONDA LTDA                                     ;4;PE;14315
202312;ADM CONS NAC HONDA LTDA                                     ;3;PI;2
202312;ADM CONS NAC HONDA LTDA                                     ;4;PI;11773
202312;ADM CONS NAC HONDA LTDA                                     ;3;PR;1
202312;ADM CONS NAC HONDA LTDA                                     ;4;PR;4677
202312;ADM CONS NAC HONDA LTDA                                     ;3;RJ;155
202312;ADM CONS NAC HONDA LTDA                                     ;4;RJ;5410
202312;ADM CONS NAC HONDA LTDA                                     ;3;RN;0
202312;ADM CONS NAC HONDA LTDA                                     ;4;RN;3993
202312;ADM CONS NAC HONDA LTDA                                     ;3;RO;0
202312;ADM CONS NAC HONDA LTDA                                     ;4;RO;4742
202312;ADM CONS NAC HONDA LTDA                                     ;3;RR;1
202312;ADM CONS NAC HONDA LTDA                                     ;4;RR;624
202312;ADM CONS NAC HONDA LTDA                                     ;3;RS;12
202312;ADM CONS NAC HONDA LTDA                                     ;4;RS;1207
202312;ADM CONS NAC HONDA LTDA                                     ;3;SC;9
202312;ADM CONS NAC HONDA LTDA                                     ;4;SC;2086
202312;ADM CONS NAC HONDA LTDA                                     ;3;SE;0
202312;ADM CONS NAC HONDA LTDA                                     ;4;SE;5676
202312;ADM CONS NAC HONDA LTDA                                     ;3;SP;147
202312;ADM CONS NAC HONDA LTDA                                     ;4;SP;13624
202312;ADM CONS NAC HONDA LTDA                                     ;3;TO;1
202312;ADM CONS NAC HONDA LTDA                                     ;4;TO;4829
202312;GAP ADM CONS LTDA.                                          ;2;AC;0
202312;GAP ADM CONS LTDA.                                          ;2;BA;10
202312;GAP ADM CONS LTDA.                                          ;2;CE;0
202312;GAP ADM CONS LTDA.                                          ;2;DF;0
202312;GAP ADM CONS LTDA.                                          ;2;ES;6
202312;GAP ADM CONS LTDA.                                          ;2;GO;0
202312;GAP ADM CONS LTDA.                                          ;1;MG;15
202312;GAP ADM CONS LTDA.                                          ;2;MG;301
202312;GAP ADM CONS LTDA.                                          ;1;MT;0
202312;GAP ADM CONS LTDA.                                          ;2;MT;50
202312;GAP ADM CONS LTDA.                                          ;2;PA;0
202312;GAP ADM CONS LTDA.                                          ;1;PR;20
202312;GAP ADM CONS LTDA.                                          ;2;PR;101
202312;GAP ADM CONS LTDA.                                          ;1;RJ;0
202312;GAP ADM CONS LTDA.                                          ;2;RJ;0
202312;GAP ADM CONS LTDA.                                          ;2;RS;42
202312;GAP ADM CONS LTDA.                                          ;1;SC;0
202312;GAP ADM CONS LTDA.                                          ;2;SC;6
202312;GAP ADM CONS LTDA.                                          ;1;SP;6
202312;GAP ADM CONS LTDA.                                          ;2;SP;188
202312;GAP ADM CONS LTDA.                                          ;2;TO;3
202312;BRQUALY ADM CONS LTDA.                                      ;2;AC;0
202312;BRQUALY ADM CONS LTDA.                                      ;2;AL;4
202312;BRQUALY ADM CONS LTDA.                                      ;2;AM;0
202312;BRQUALY ADM CONS LTDA.                                      ;2;AP;3
202312;BRQUALY ADM CONS LTDA.                                      ;2;BA;11
202312;BRQUALY ADM CONS LTDA.                                      ;2;CE;3
202312;BRQUALY ADM CONS LTDA.                                      ;2;DF;2
202312;BRQUALY ADM CONS LTDA.                                      ;2;ES;1
202312;BRQUALY ADM CONS LTDA.                                      ;2;GO;8
202312;BRQUALY ADM CONS LTDA.                                      ;2;MA;15
202312;BRQUALY ADM CONS LTDA.                                      ;2;MG;27
202312;BRQUALY ADM CONS LTDA.                                      ;2;MS;1
202312;BRQUALY ADM CONS LTDA.                                      ;2;MT;13
202312;BRQUALY ADM CONS LTDA.                                      ;2;PA;6
202312;BRQUALY ADM CONS LTDA.                                      ;2;PB;3
202312;BRQUALY ADM CONS LTDA.                                      ;2;PE;4
202312;BRQUALY ADM CONS LTDA.                                      ;2;PI;4
202312;BRQUALY ADM CONS LTDA.                                      ;2;PR;3
202312;BRQUALY ADM CONS LTDA.                                      ;2;RJ;4
202312;BRQUALY ADM CONS LTDA.                                      ;2;RN;1
202312;BRQUALY ADM CONS LTDA.                                      ;2;RO;0
202312;BRQUALY ADM CONS LTDA.                                      ;2;RS;11
202312;BRQUALY ADM CONS LTDA.                                      ;2;SC;4
202312;BRQUALY ADM CONS LTDA.                                      ;2;SE;0
202312;BRQUALY ADM CONS LTDA.                                      ;2;SP;14
202312;BRQUALY ADM CONS LTDA.                                      ;2;TO;0
202312;FINAMA ADM CONS LTDA                                        ;4;AL;0
202312;FINAMA ADM CONS LTDA                                        ;1;BA;0
202312;FINAMA ADM CONS LTDA                                        ;4;BA;1
202312;FINAMA ADM CONS LTDA                                        ;1;GO;0
202312;FINAMA ADM CONS LTDA                                        ;3;GO;0
202312;FINAMA ADM CONS LTDA                                        ;4;GO;1
202312;FINAMA ADM CONS LTDA                                        ;4;MA;0
202312;FINAMA ADM CONS LTDA                                        ;1;MG;0
202312;FINAMA ADM CONS LTDA                                        ;3;MG;10
202312;FINAMA ADM CONS LTDA                                        ;4;MG;58
202312;FINAMA ADM CONS LTDA                                        ;1;MS;0
202312;FINAMA ADM CONS LTDA                                        ;3;MS;1
202312;FINAMA ADM CONS LTDA                                        ;4;MS;0
202312;FINAMA ADM CONS LTDA                                        ;3;MT;0
202312;FINAMA ADM CONS LTDA                                        ;4;MT;0
202312;FINAMA ADM CONS LTDA                                        ;4;PB;0
202312;FINAMA ADM CONS LTDA                                        ;3;PE;0
202312;FINAMA ADM CONS LTDA                                        ;4;PE;0
202312;FINAMA ADM CONS LTDA                                        ;4;PI;0
202312;FINAMA ADM CONS LTDA                                        ;3;PR;1
202312;FINAMA ADM CONS LTDA                                        ;4;PR;0
202312;FINAMA ADM CONS LTDA                                        ;4;RS;0
202312;FINAMA ADM CONS LTDA                                        ;1;SC;0
202312;FINAMA ADM CONS LTDA                                        ;3;SC;0
202312;FINAMA ADM CONS LTDA                                        ;1;SP;0
202312;FINAMA ADM CONS LTDA                                        ;3;SP;137
202312;FINAMA ADM CONS LTDA                                        ;4;SP;179
202312;MASSEY FERGUSON ADM DE CONS LTDA                            ;2;AC;0
202312;MASSEY FERGUSON ADM DE CONS LTDA                            ;2;AL;2
202312;MASSEY FERGUSON ADM DE CONS LTDA                            ;2;AM;0
202312;MASSEY FERGUSON ADM DE CONS LTDA                            ;2;AP;0
202312;MASSEY FERGUSON ADM DE CONS LTDA                            ;2;BA;12
202312;MASSEY FERGUSON ADM DE CONS LTDA                            ;2;CE;26
202312;MASSEY FERGUSON ADM DE CONS LTDA                            ;2;DF;5
202312;MASSEY FERGUSON ADM DE CONS LTDA                            ;2;ES;2
202312;MASSEY FERGUSON ADM DE CONS LTDA                            ;2;GO;23
202312;MASSEY FERGUSON ADM DE CONS LTDA                            ;2;MA;5
202312;MASSEY FERGUSON ADM DE CONS LTDA                            ;2;MG;106
202312;MASSEY FERGUSON ADM DE CONS LTDA                            ;2;MS;5
202312;MASSEY FERGUSON ADM DE CONS LTDA                            ;2;MT;87
202312;MASSEY FERGUSON ADM DE CONS LTDA                            ;2;PA;0
202312;MASSEY FERGUSON ADM DE CONS LTDA                            ;2;PB;3
202312;MASSEY FERGUSON ADM DE CONS LTDA                            ;2;PE;6
202312;MASSEY FERGUSON ADM DE CONS LTDA                            ;2;PI;0
202312;MASSEY FERGUSON ADM DE CONS LTDA                            ;2;PR;85
202312;MASSEY FERGUSON ADM DE CONS LTDA                            ;2;RJ;1
202312;MASSEY FERGUSON ADM DE CONS LTDA                            ;2;RN;1
202312;MASSEY FERGUSON ADM DE CONS LTDA                            ;2;RO;0
202312;MASSEY FERGUSON ADM DE CONS LTDA                            ;2;RR;1
202312;MASSEY FERGUSON ADM DE CONS LTDA                            ;2;RS;99
202312;MASSEY FERGUSON ADM DE CONS LTDA                            ;2;SC;19
202312;MASSEY FERGUSON ADM DE CONS LTDA                            ;2;SE;20
202312;MASSEY FERGUSON ADM DE CONS LTDA                            ;2;SP;115
202312;MASSEY FERGUSON ADM DE CONS LTDA                            ;2;TO;27
202312;MERCABENCO                                                  ;2;AC;0
202312;MERCABENCO                                                  ;3;AC;0
202312;MERCABENCO                                                  ;2;AL;0
202312;MERCABENCO                                                  ;3;AL;0
202312;MERCABENCO                                                  ;3;AM;0
202312;MERCABENCO                                                  ;2;BA;0
202312;MERCABENCO                                                  ;3;BA;0
202312;MERCABENCO                                                  ;1;CE;0
202312;MERCABENCO                                                  ;2;CE;0
202312;MERCABENCO                                                  ;3;CE;0
202312;MERCABENCO                                                  ;5;CE;0
202312;MERCABENCO                                                  ;6;CE;0
202312;MERCABENCO                                                  ;2;DF;0
202312;MERCABENCO                                                  ;3;DF;0
202312;MERCABENCO                                                  ;1;ES;0
202312;MERCABENCO                                                  ;2;ES;0
202312;MERCABENCO                                                  ;3;ES;0
202312;MERCABENCO                                                  ;1;GO;0
202312;MERCABENCO                                                  ;2;GO;0
202312;MERCABENCO                                                  ;3;GO;0
202312;MERCABENCO                                                  ;2;MA;0
202312;MERCABENCO                                                  ;3;MA;0
202312;MERCABENCO                                                  ;1;MG;0
202312;MERCABENCO                                                  ;2;MG;1
202312;MERCABENCO                                                  ;3;MG;0
202312;MERCABENCO                                                  ;6;MG;0
202312;MERCABENCO                                                  ;1;MS;0
202312;MERCABENCO                                                  ;2;MS;0
202312;MERCABENCO                                                  ;3;MS;0
202312;MERCABENCO                                                  ;1;MT;0
202312;MERCABENCO                                                  ;2;MT;0
202312;MERCABENCO                                                  ;3;MT;0
202312;MERCABENCO                                                  ;1;PA;0
202312;MERCABENCO                                                  ;2;PA;1
202312;MERCABENCO                                                  ;3;PA;0
202312;MERCABENCO                                                  ;6;PA;0
202312;MERCABENCO                                                  ;2;PB;0
202312;MERCABENCO                                                  ;2;PE;0
202312;MERCABENCO                                                  ;3;PE;0
202312;MERCABENCO                                                  ;1;PI;0
202312;MERCABENCO                                                  ;2;PI;0
202312;MERCABENCO                                                  ;3;PI;0
202312;MERCABENCO                                                  ;1;PR;0
202312;MERCABENCO                                                  ;2;PR;2
202312;MERCABENCO                                                  ;3;PR;0
202312;MERCABENCO                                                  ;5;PR;0
202312;MERCABENCO                                                  ;2;RJ;2
202312;MERCABENCO                                                  ;3;RJ;5
202312;MERCABENCO                                                  ;5;RJ;0
202312;MERCABENCO                                                  ;3;RN;0
202312;MERCABENCO                                                  ;3;RR;0
202312;MERCABENCO                                                  ;1;RS;0
202312;MERCABENCO                                                  ;2;RS;0
202312;MERCABENCO                                                  ;3;RS;0
202312;MERCABENCO                                                  ;1;SC;0
202312;MERCABENCO                                                  ;2;SC;12
202312;MERCABENCO                                                  ;3;SC;0
202312;MERCABENCO                                                  ;6;SC;0
202312;MERCABENCO                                                  ;2;SE;0
202312;MERCABENCO                                                  ;1;SP;0
202312;MERCABENCO                                                  ;2;SP;407
202312;MERCABENCO                                                  ;3;SP;14
202312;MERCABENCO                                                  ;5;SP;0
202312;MERCABENCO                                                  ;6;SP;0
202312;UNECONSORCIO                                                ;3;CE;5
202312;UNECONSORCIO                                                ;6;CE;3
202312;UNECONSORCIO                                                ;3;GO;0
202312;UNECONSORCIO                                                ;6;GO;0
202312;UNECONSORCIO                                                ;3;MA;0
202312;UNECONSORCIO                                                ;6;MA;0
202312;UNECONSORCIO                                                ;3;MG;10
202312;UNECONSORCIO                                                ;6;MG;0
202312;UNECONSORCIO                                                ;3;MS;0
202312;UNECONSORCIO                                                ;6;MS;0
202312;UNECONSORCIO                                                ;3;MT;4
202312;UNECONSORCIO                                                ;6;MT;0
202312;UNECONSORCIO                                                ;3;PB;0
202312;UNECONSORCIO                                                ;3;PE;3
202312;UNECONSORCIO                                                ;3;PI;0
202312;UNECONSORCIO                                                ;3;PR;0
202312;UNECONSORCIO                                                ;6;PR;0
202312;UNECONSORCIO                                                ;3;RJ;0
202312;UNECONSORCIO                                                ;3;RN;0
202312;UNECONSORCIO                                                ;6;RN;2
202312;UNECONSORCIO                                                ;3;SP;62
202312;UNECONSORCIO                                                ;6;SP;10
202312;YAMAHA ADM CONS LTDA                                        ;1;AC;0
202312;YAMAHA ADM CONS LTDA                                        ;3;AC;5
202312;YAMAHA ADM CONS LTDA                                        ;4;AC;214
202312;YAMAHA ADM CONS LTDA                                        ;5;AC;2
202312;YAMAHA ADM CONS LTDA                                        ;1;AL;0
202312;YAMAHA ADM CONS LTDA                                        ;2;AL;0
202312;YAMAHA ADM CONS LTDA                                        ;3;AL;1
202312;YAMAHA ADM CONS LTDA                                        ;4;AL;108
202312;YAMAHA ADM CONS LTDA                                        ;5;AL;1
202312;YAMAHA ADM CONS LTDA                                        ;1;AM;5
202312;YAMAHA ADM CONS LTDA                                        ;2;AM;3
202312;YAMAHA ADM CONS LTDA                                        ;3;AM;15
202312;YAMAHA ADM CONS LTDA                                        ;4;AM;713
202312;YAMAHA ADM CONS LTDA                                        ;5;AM;23
202312;YAMAHA ADM CONS LTDA                                        ;1;AP;0
202312;YAMAHA ADM CONS LTDA                                        ;3;AP;20
202312;YAMAHA ADM CONS LTDA                                        ;4;AP;114
202312;YAMAHA ADM CONS LTDA                                        ;5;AP;18
202312;YAMAHA ADM CONS LTDA                                        ;1;BA;45
202312;YAMAHA ADM CONS LTDA                                        ;2;BA;3
202312;YAMAHA ADM CONS LTDA                                        ;3;BA;252
202312;YAMAHA ADM CONS LTDA                                        ;4;BA;1113
202312;YAMAHA ADM CONS LTDA                                        ;5;BA;7
202312;YAMAHA ADM CONS LTDA                                        ;1;CE;13
202312;YAMAHA ADM CONS LTDA                                        ;2;CE;2
202312;YAMAHA ADM CONS LTDA                                        ;3;CE;87
202312;YAMAHA ADM CONS LTDA                                        ;4;CE;286
202312;YAMAHA ADM CONS LTDA                                        ;5;CE;4
202312;YAMAHA ADM CONS LTDA                                        ;1;DF;1
202312;YAMAHA ADM CONS LTDA                                        ;2;DF;3
202312;YAMAHA ADM CONS LTDA                                        ;3;DF;14
202312;YAMAHA ADM CONS LTDA                                        ;4;DF;37
202312;YAMAHA ADM CONS LTDA                                        ;5;DF;3
202312;YAMAHA ADM CONS LTDA                                        ;1;ES;45
202312;YAMAHA ADM CONS LTDA                                        ;2;ES;3
202312;YAMAHA ADM CONS LTDA                                        ;3;ES;77
202312;YAMAHA ADM CONS LTDA                                        ;4;ES;361
202312;YAMAHA ADM CONS LTDA                                        ;5;ES;0
202312;YAMAHA ADM CONS LTDA                                        ;1;GO;11
202312;YAMAHA ADM CONS LTDA                                        ;2;GO;4
202312;YAMAHA ADM CONS LTDA                                        ;3;GO;104
202312;YAMAHA ADM CONS LTDA                                        ;4;GO;326
202312;YAMAHA ADM CONS LTDA                                        ;5;GO;21
202312;YAMAHA ADM CONS LTDA                                        ;1;MA;39
202312;YAMAHA ADM CONS LTDA                                        ;2;MA;4
202312;YAMAHA ADM CONS LTDA                                        ;3;MA;141
202312;YAMAHA ADM CONS LTDA                                        ;4;MA;569
202312;YAMAHA ADM CONS LTDA                                        ;5;MA;26
202312;YAMAHA ADM CONS LTDA                                        ;1;MG;66
202312;YAMAHA ADM CONS LTDA                                        ;2;MG;4
202312;YAMAHA ADM CONS LTDA                                        ;3;MG;194
202312;YAMAHA ADM CONS LTDA                                        ;4;MG;685
202312;YAMAHA ADM CONS LTDA                                        ;5;MG;13
202312;YAMAHA ADM CONS LTDA                                        ;1;MS;17
202312;YAMAHA ADM CONS LTDA                                        ;2;MS;3
202312;YAMAHA ADM CONS LTDA                                        ;3;MS;37
202312;YAMAHA ADM CONS LTDA                                        ;4;MS;172
202312;YAMAHA ADM CONS LTDA                                        ;5;MS;17
202312;YAMAHA ADM CONS LTDA                                        ;1;MT;25
202312;YAMAHA ADM CONS LTDA                                        ;2;MT;6
202312;YAMAHA ADM CONS LTDA                                        ;3;MT;108
202312;YAMAHA ADM CONS LTDA                                        ;4;MT;411
202312;YAMAHA ADM CONS LTDA                                        ;5;MT;54
202312;YAMAHA ADM CONS LTDA                                        ;1;PA;17
202312;YAMAHA ADM CONS LTDA                                        ;2;PA;21
202312;YAMAHA ADM CONS LTDA                                        ;3;PA;189
202312;YAMAHA ADM CONS LTDA                                        ;4;PA;1205
202312;YAMAHA ADM CONS LTDA                                        ;5;PA;66
202312;YAMAHA ADM CONS LTDA                                        ;1;PB;0
202312;YAMAHA ADM CONS LTDA                                        ;2;PB;4
202312;YAMAHA ADM CONS LTDA                                        ;3;PB;1
202312;YAMAHA ADM CONS LTDA                                        ;4;PB;114
202312;YAMAHA ADM CONS LTDA                                        ;5;PB;0
202312;YAMAHA ADM CONS LTDA                                        ;1;PE;23
202312;YAMAHA ADM CONS LTDA                                        ;2;PE;3
202312;YAMAHA ADM CONS LTDA                                        ;3;PE;180
202312;YAMAHA ADM CONS LTDA                                        ;4;PE;695
202312;YAMAHA ADM CONS LTDA                                        ;5;PE;6
202312;YAMAHA ADM CONS LTDA                                        ;1;PI;3
202312;YAMAHA ADM CONS LTDA                                        ;3;PI;7
202312;YAMAHA ADM CONS LTDA                                        ;4;PI;149
202312;YAMAHA ADM CONS LTDA                                        ;5;PI;4
202312;YAMAHA ADM CONS LTDA                                        ;1;PR;147
202312;YAMAHA ADM CONS LTDA                                        ;2;PR;4
202312;YAMAHA ADM CONS LTDA                                        ;3;PR;274
202312;YAMAHA ADM CONS LTDA                                        ;4;PR;418
202312;YAMAHA ADM CONS LTDA                                        ;5;PR;11
202312;YAMAHA ADM CONS LTDA                                        ;1;RJ;2
202312;YAMAHA ADM CONS LTDA                                        ;2;RJ;2
202312;YAMAHA ADM CONS LTDA                                        ;3;RJ;53
202312;YAMAHA ADM CONS LTDA                                        ;4;RJ;625
202312;YAMAHA ADM CONS LTDA                                        ;5;RJ;20
202312;YAMAHA ADM CONS LTDA                                        ;1;RN;1
202312;YAMAHA ADM CONS LTDA                                        ;3;RN;46
202312;YAMAHA ADM CONS LTDA                                        ;4;RN;146
202312;YAMAHA ADM CONS LTDA                                        ;5;RN;0
202312;YAMAHA ADM CONS LTDA                                        ;1;RO;3
202312;YAMAHA ADM CONS LTDA                                        ;2;RO;0
202312;YAMAHA ADM CONS LTDA                                        ;3;RO;23
202312;YAMAHA ADM CONS LTDA                                        ;4;RO;372
202312;YAMAHA ADM CONS LTDA                                        ;5;RO;15
202312;YAMAHA ADM CONS LTDA                                        ;1;RR;2
202312;YAMAHA ADM CONS LTDA                                        ;3;RR;12
202312;YAMAHA ADM CONS LTDA                                        ;4;RR;96
202312;YAMAHA ADM CONS LTDA                                        ;5;RR;4
202312;YAMAHA ADM CONS LTDA                                        ;1;RS;37
202312;YAMAHA ADM CONS LTDA                                        ;2;RS;3
202312;YAMAHA ADM CONS LTDA                                        ;3;RS;16
202312;YAMAHA ADM CONS LTDA                                        ;4;RS;76
202312;YAMAHA ADM CONS LTDA                                        ;5;RS;3
202312;YAMAHA ADM CONS LTDA                                        ;1;SC;60
202312;YAMAHA ADM CONS LTDA                                        ;2;SC;4
202312;YAMAHA ADM CONS LTDA                                        ;3;SC;17
202312;YAMAHA ADM CONS LTDA                                        ;4;SC;134
202312;YAMAHA ADM CONS LTDA                                        ;5;SC;4
202312;YAMAHA ADM CONS LTDA                                        ;1;SE;0
202312;YAMAHA ADM CONS LTDA                                        ;2;SE;0
202312;YAMAHA ADM CONS LTDA                                        ;3;SE;5
202312;YAMAHA ADM CONS LTDA                                        ;4;SE;183
202312;YAMAHA ADM CONS LTDA                                        ;5;SE;2
202312;YAMAHA ADM CONS LTDA                                        ;1;SP;134
202312;YAMAHA ADM CONS LTDA                                        ;2;SP;8
202312;YAMAHA ADM CONS LTDA                                        ;3;SP;148
202312;YAMAHA ADM CONS LTDA                                        ;4;SP;755
202312;YAMAHA ADM CONS LTDA                                        ;5;SP;38
202312;YAMAHA ADM CONS LTDA                                        ;1;TO;6
202312;YAMAHA ADM CONS LTDA                                        ;2;TO;1
202312;YAMAHA ADM CONS LTDA                                        ;3;TO;96
202312;YAMAHA ADM CONS LTDA                                        ;4;TO;579
202312;YAMAHA ADM CONS LTDA                                        ;5;TO;15
202312;CONS. NACIONAL VOLKSWAGEN LTDA.                             ;3;AC;40
202312;CONS. NACIONAL VOLKSWAGEN LTDA.                             ;4;AC;0
202312;CONS. NACIONAL VOLKSWAGEN LTDA.                             ;2;AL;1
202312;CONS. NACIONAL VOLKSWAGEN LTDA.                             ;3;AL;100
202312;CONS. NACIONAL VOLKSWAGEN LTDA.                             ;4;AL;0
202312;CONS. NACIONAL VOLKSWAGEN LTDA.                             ;2;AM;0
202312;CONS. NACIONAL VOLKSWAGEN LTDA.                             ;3;AM;56
202312;CONS. NACIONAL VOLKSWAGEN LTDA.                             ;4;AM;0
202312;CONS. NACIONAL VOLKSWAGEN LTDA.                             ;2;AP;0
202312;CONS. NACIONAL VOLKSWAGEN LTDA.                             ;3;AP;11
202312;CONS. NACIONAL VOLKSWAGEN LTDA.                             ;4;AP;0
202312;CONS. NACIONAL VOLKSWAGEN LTDA.                             ;2;BA;7
202312;CONS. NACIONAL VOLKSWAGEN LTDA.                             ;3;BA;209
202312;CONS. NACIONAL VOLKSWAGEN LTDA.                             ;4;BA;0
202312;CONS. NACIONAL VOLKSWAGEN LTDA.                             ;2;CE;5
202312;CONS. NACIONAL VOLKSWAGEN LTDA.                             ;3;CE;351
202312;CONS. NACIONAL VOLKSWAGEN LTDA.                             ;4;CE;0
202312;CONS. NACIONAL VOLKSWAGEN LTDA.                             ;2;DF;0
202312;CONS. NACIONAL VOLKSWAGEN LTDA.                             ;3;DF;89
202312;CONS. NACIONAL VOLKSWAGEN LTDA.                             ;4;DF;0
202312;CONS. NACIONAL VOLKSWAGEN LTDA.                             ;2;ES;3
202312;CONS. NACIONAL VOLKSWAGEN LTDA.                             ;3;ES;54
202312;CONS. NACIONAL VOLKSWAGEN LTDA.                             ;4;ES;0
202312;CONS. NACIONAL VOLKSWAGEN LTDA.                             ;2;GO;9
202312;CONS. NACIONAL VOLKSWAGEN LTDA.                             ;3;GO;246
202312;CONS. NACIONAL VOLKSWAGEN LTDA.                             ;4;GO;0
202312;CONS. NACIONAL VOLKSWAGEN LTDA.                             ;2;MA;0
202312;CONS. NACIONAL VOLKSWAGEN LTDA.                             ;3;MA;595
202312;CONS. NACIONAL VOLKSWAGEN LTDA.                             ;4;MA;0
202312;CONS. NACIONAL VOLKSWAGEN LTDA.                             ;2;MG;20
202312;CONS. NACIONAL VOLKSWAGEN LTDA.                             ;3;MG;547
202312;CONS. NACIONAL VOLKSWAGEN LTDA.                             ;4;MG;0
202312;CONS. NACIONAL VOLKSWAGEN LTDA.                             ;2;MS;3
202312;CONS. NACIONAL VOLKSWAGEN LTDA.                             ;3;MS;71
202312;CONS. NACIONAL VOLKSWAGEN LTDA.                             ;4;MS;0
202312;CONS. NACIONAL VOLKSWAGEN LTDA.                             ;2;MT;5
202312;CONS. NACIONAL VOLKSWAGEN LTDA.                             ;3;MT;90
202312;CONS. NACIONAL VOLKSWAGEN LTDA.                             ;4;MT;0
202312;CONS. NACIONAL VOLKSWAGEN LTDA.                             ;2;PA;4
202312;CONS. NACIONAL VOLKSWAGEN LTDA.                             ;3;PA;220
202312;CONS. NACIONAL VOLKSWAGEN LTDA.                             ;4;PA;0
202312;CONS. NACIONAL VOLKSWAGEN LTDA.                             ;2;PB;2
202312;CONS. NACIONAL VOLKSWAGEN LTDA.                             ;3;PB;217
202312;CONS. NACIONAL VOLKSWAGEN LTDA.                             ;4;PB;0
202312;CONS. NACIONAL VOLKSWAGEN LTDA.                             ;2;PE;7
202312;CONS. NACIONAL VOLKSWAGEN LTDA.                             ;3;PE;263
202312;CONS. NACIONAL VOLKSWAGEN LTDA.                             ;4;PE;0
202312;CONS. NACIONAL VOLKSWAGEN LTDA.                             ;2;PI;1
202312;CONS. NACIONAL VOLKSWAGEN LTDA.                             ;3;PI;47
202312;CONS. NACIONAL VOLKSWAGEN LTDA.                             ;4;PI;0
202312;CONS. NACIONAL VOLKSWAGEN LTDA.                             ;2;PR;2
202312;CONS. NACIONAL VOLKSWAGEN LTDA.                             ;3;PR;174
202312;CONS. NACIONAL VOLKSWAGEN LTDA.                             ;4;PR;0
202312;CONS. NACIONAL VOLKSWAGEN LTDA.                             ;2;RJ;1
202312;CONS. NACIONAL VOLKSWAGEN LTDA.                             ;3;RJ;237
202312;CONS. NACIONAL VOLKSWAGEN LTDA.                             ;4;RJ;0
202312;CONS. NACIONAL VOLKSWAGEN LTDA.                             ;2;RN;1
202312;CONS. NACIONAL VOLKSWAGEN LTDA.                             ;3;RN;137
202312;CONS. NACIONAL VOLKSWAGEN LTDA.                             ;4;RN;0
202312;CONS. NACIONAL VOLKSWAGEN LTDA.                             ;2;RO;0
202312;CONS. NACIONAL VOLKSWAGEN LTDA.                             ;3;RO;25
202312;CONS. NACIONAL VOLKSWAGEN LTDA.                             ;4;RO;0
202312;CONS. NACIONAL VOLKSWAGEN LTDA.                             ;2;RR;0
202312;CONS. NACIONAL VOLKSWAGEN LTDA.                             ;3;RR;8
202312;CONS. NACIONAL VOLKSWAGEN LTDA.                             ;4;RR;0
202312;CONS. NACIONAL VOLKSWAGEN LTDA.                             ;2;RS;5
202312;CONS. NACIONAL VOLKSWAGEN LTDA.                             ;3;RS;101
202312;CONS. NACIONAL VOLKSWAGEN LTDA.                             ;4;RS;0
202312;CONS. NACIONAL VOLKSWAGEN LTDA.                             ;2;SC;5
202312;CONS. NACIONAL VOLKSWAGEN LTDA.                             ;3;SC;297
202312;CONS. NACIONAL VOLKSWAGEN LTDA.                             ;4;SC;0
202312;CONS. NACIONAL VOLKSWAGEN LTDA.                             ;2;SE;1
202312;CONS. NACIONAL VOLKSWAGEN LTDA.                             ;3;SE;125
202312;CONS. NACIONAL VOLKSWAGEN LTDA.                             ;4;SE;0
202312;CONS. NACIONAL VOLKSWAGEN LTDA.                             ;2;SP;29
202312;CONS. NACIONAL VOLKSWAGEN LTDA.                             ;3;SP;977
202312;CONS. NACIONAL VOLKSWAGEN LTDA.                             ;4;SP;0
202312;CONS. NACIONAL VOLKSWAGEN LTDA.                             ;2;TO;1
202312;CONS. NACIONAL VOLKSWAGEN LTDA.                             ;3;TO;86
202312;CONS. NACIONAL VOLKSWAGEN LTDA.                             ;4;TO;0
202312;GAPLAN ADM CONS LTDA                                        ;2;AM;0
202312;GAPLAN ADM CONS LTDA                                        ;2;BA;0
202312;GAPLAN ADM CONS LTDA                                        ;2;CE;0
202312;GAPLAN ADM CONS LTDA                                        ;2;DF;0
202312;GAPLAN ADM CONS LTDA                                        ;2;ES;0
202312;GAPLAN ADM CONS LTDA                                        ;3;ES;0
202312;GAPLAN ADM CONS LTDA                                        ;2;GO;0
202312;GAPLAN ADM CONS LTDA                                        ;3;GO;0
202312;GAPLAN ADM CONS LTDA                                        ;2;MA;0
202312;GAPLAN ADM CONS LTDA                                        ;2;MG;10
202312;GAPLAN ADM CONS LTDA                                        ;3;MG;19
202312;GAPLAN ADM CONS LTDA                                        ;2;MS;0
202312;GAPLAN ADM CONS LTDA                                        ;2;MT;0
202312;GAPLAN ADM CONS LTDA                                        ;3;MT;0
202312;GAPLAN ADM CONS LTDA                                        ;2;PB;0
202312;GAPLAN ADM CONS LTDA                                        ;3;PB;0
202312;GAPLAN ADM CONS LTDA                                        ;2;PE;0
202312;GAPLAN ADM CONS LTDA                                        ;2;PR;35
202312;GAPLAN ADM CONS LTDA                                        ;3;PR;5
202312;GAPLAN ADM CONS LTDA                                        ;2;RJ;0
202312;GAPLAN ADM CONS LTDA                                        ;3;RJ;0
202312;GAPLAN ADM CONS LTDA                                        ;2;RO;0
202312;GAPLAN ADM CONS LTDA                                        ;2;RS;6
202312;GAPLAN ADM CONS LTDA                                        ;3;RS;3
202312;GAPLAN ADM CONS LTDA                                        ;2;SC;20
202312;GAPLAN ADM CONS LTDA                                        ;3;SC;0
202312;GAPLAN ADM CONS LTDA                                        ;2;SE;0
202312;GAPLAN ADM CONS LTDA                                        ;3;SE;0
202312;GAPLAN ADM CONS LTDA                                        ;2;SP;145
202312;GAPLAN ADM CONS LTDA                                        ;3;SP;46
202312;GAPLAN ADM CONS LTDA                                        ;3;TO;0
202312;PORTO SEGURO ADM. CONS. LTDA                                ;1;AC;4
202312;PORTO SEGURO ADM. CONS. LTDA                                ;2;AC;0
202312;PORTO SEGURO ADM. CONS. LTDA                                ;3;AC;5
202312;PORTO SEGURO ADM. CONS. LTDA                                ;1;AL;42
202312;PORTO SEGURO ADM. CONS. LTDA                                ;2;AL;10
202312;PORTO SEGURO ADM. CONS. LTDA                                ;3;AL;53
202312;PORTO SEGURO ADM. CONS. LTDA                                ;5;AL;0
202312;PORTO SEGURO ADM. CONS. LTDA                                ;1;AM;81
202312;PORTO SEGURO ADM. CONS. LTDA                                ;2;AM;6
202312;PORTO SEGURO ADM. CONS. LTDA                                ;3;AM;32
202312;PORTO SEGURO ADM. CONS. LTDA                                ;5;AM;0
202312;PORTO SEGURO ADM. CONS. LTDA                                ;1;AP;4
202312;PORTO SEGURO ADM. CONS. LTDA                                ;2;AP;0
202312;PORTO SEGURO ADM. CONS. LTDA                                ;3;AP;2
202312;PORTO SEGURO ADM. CONS. LTDA                                ;1;BA;462
202312;PORTO SEGURO ADM. CONS. LTDA                                ;2;BA;50
202312;PORTO SEGURO ADM. CONS. LTDA                                ;3;BA;877
202312;PORTO SEGURO ADM. CONS. LTDA                                ;5;BA;0
202312;PORTO SEGURO ADM. CONS. LTDA                                ;1;CE;94
202312;PORTO SEGURO ADM. CONS. LTDA                                ;2;CE;13
202312;PORTO SEGURO ADM. CONS. LTDA                                ;3;CE;126
202312;PORTO SEGURO ADM. CONS. LTDA                                ;5;CE;0
202312;PORTO SEGURO ADM. CONS. LTDA                                ;1;DF;185
202312;PORTO SEGURO ADM. CONS. LTDA                                ;2;DF;16
202312;PORTO SEGURO ADM. CONS. LTDA                                ;3;DF;208
202312;PORTO SEGURO ADM. CONS. LTDA                                ;5;DF;0
202312;PORTO SEGURO ADM. CONS. LTDA                                ;1;ES;198
202312;PORTO SEGURO ADM. CONS. LTDA                                ;2;ES;14
202312;PORTO SEGURO ADM. CONS. LTDA                                ;3;ES;234
202312;PORTO SEGURO ADM. CONS. LTDA                                ;5;ES;0
202312;PORTO SEGURO ADM. CONS. LTDA                                ;1;GO;298
202312;PORTO SEGURO ADM. CONS. LTDA                                ;2;GO;30
202312;PORTO SEGURO ADM. CONS. LTDA                                ;3;GO;413
202312;PORTO SEGURO ADM. CONS. LTDA                                ;5;GO;0
202312;PORTO SEGURO ADM. CONS. LTDA                                ;1;MA;57
202312;PORTO SEGURO ADM. CONS. LTDA                                ;2;MA;12
202312;PORTO SEGURO ADM. CONS. LTDA                                ;3;MA;81
202312;PORTO SEGURO ADM. CONS. LTDA                                ;5;MA;0
202312;PORTO SEGURO ADM. CONS. LTDA                                ;1;MG;742
202312;PORTO SEGURO ADM. CONS. LTDA                                ;2;MG;44
202312;PORTO SEGURO ADM. CONS. LTDA                                ;3;MG;896
202312;PORTO SEGURO ADM. CONS. LTDA                                ;5;MG;0
202312;PORTO SEGURO ADM. CONS. LTDA                                ;1;MS;177
202312;PORTO SEGURO ADM. CONS. LTDA                                ;2;MS;15
202312;PORTO SEGURO ADM. CONS. LTDA                                ;3;MS;75
202312;PORTO SEGURO ADM. CONS. LTDA                                ;5;MS;0
202312;PORTO SEGURO ADM. CONS. LTDA                                ;1;MT;156
202312;PORTO SEGURO ADM. CONS. LTDA                                ;2;MT;14
202312;PORTO SEGURO ADM. CONS. LTDA                                ;3;MT;171
202312;PORTO SEGURO ADM. CONS. LTDA                                ;5;MT;0
202312;PORTO SEGURO ADM. CONS. LTDA                                ;1;PA;131
202312;PORTO SEGURO ADM. CONS. LTDA                                ;2;PA;11
202312;PORTO SEGURO ADM. CONS. LTDA                                ;3;PA;144
202312;PORTO SEGURO ADM. CONS. LTDA                                ;5;PA;0
202312;PORTO SEGURO ADM. CONS. LTDA                                ;1;PB;58
202312;PORTO SEGURO ADM. CONS. LTDA                                ;2;PB;5
202312;PORTO SEGURO ADM. CONS. LTDA                                ;3;PB;71
202312;PORTO SEGURO ADM. CONS. LTDA                                ;5;PB;0
202312;PORTO SEGURO ADM. CONS. LTDA                                ;1;PE;197
202312;PORTO SEGURO ADM. CONS. LTDA                                ;2;PE;13
202312;PORTO SEGURO ADM. CONS. LTDA                                ;3;PE;269
202312;PORTO SEGURO ADM. CONS. LTDA                                ;5;PE;0
202312;PORTO SEGURO ADM. CONS. LTDA                                ;1;PI;46
202312;PORTO SEGURO ADM. CONS. LTDA                                ;2;PI;8
202312;PORTO SEGURO ADM. CONS. LTDA                                ;3;PI;51
202312;PORTO SEGURO ADM. CONS. LTDA                                ;5;PI;0
202312;PORTO SEGURO ADM. CONS. LTDA                                ;1;PR;254
202312;PORTO SEGURO ADM. CONS. LTDA                                ;2;PR;52
202312;PORTO SEGURO ADM. CONS. LTDA                                ;3;PR;264
202312;PORTO SEGURO ADM. CONS. LTDA                                ;5;PR;1
202312;PORTO SEGURO ADM. CONS. LTDA                                ;1;RJ;672
202312;PORTO SEGURO ADM. CONS. LTDA                                ;2;RJ;37
202312;PORTO SEGURO ADM. CONS. LTDA                                ;3;RJ;569
202312;PORTO SEGURO ADM. CONS. LTDA                                ;5;RJ;0
202312;PORTO SEGURO ADM. CONS. LTDA                                ;1;RN;46
202312;PORTO SEGURO ADM. CONS. LTDA                                ;2;RN;9
202312;PORTO SEGURO ADM. CONS. LTDA                                ;3;RN;52
202312;PORTO SEGURO ADM. CONS. LTDA                                ;5;RN;0
202312;PORTO SEGURO ADM. CONS. LTDA                                ;1;RO;33
202312;PORTO SEGURO ADM. CONS. LTDA                                ;2;RO;7
202312;PORTO SEGURO ADM. CONS. LTDA                                ;3;RO;89
202312;PORTO SEGURO ADM. CONS. LTDA                                ;5;RO;0
202312;PORTO SEGURO ADM. CONS. LTDA                                ;1;RR;9
202312;PORTO SEGURO ADM. CONS. LTDA                                ;2;RR;0
202312;PORTO SEGURO ADM. CONS. LTDA                                ;3;RR;7
202312;PORTO SEGURO ADM. CONS. LTDA                                ;1;RS;175
202312;PORTO SEGURO ADM. CONS. LTDA                                ;2;RS;9
202312;PORTO SEGURO ADM. CONS. LTDA                                ;3;RS;160
202312;PORTO SEGURO ADM. CONS. LTDA                                ;5;RS;0
202312;PORTO SEGURO ADM. CONS. LTDA                                ;1;SC;306
202312;PORTO SEGURO ADM. CONS. LTDA                                ;2;SC;20
202312;PORTO SEGURO ADM. CONS. LTDA                                ;3;SC;188
202312;PORTO SEGURO ADM. CONS. LTDA                                ;5;SC;0
202312;PORTO SEGURO ADM. CONS. LTDA                                ;1;SE;49
202312;PORTO SEGURO ADM. CONS. LTDA                                ;2;SE;3
202312;PORTO SEGURO ADM. CONS. LTDA                                ;3;SE;56
202312;PORTO SEGURO ADM. CONS. LTDA                                ;5;SE;0
202312;PORTO SEGURO ADM. CONS. LTDA                                ;1;SP;5581
202312;PORTO SEGURO ADM. CONS. LTDA                                ;2;SP;342
202312;PORTO SEGURO ADM. CONS. LTDA                                ;3;SP;5013
202312;PORTO SEGURO ADM. CONS. LTDA                                ;5;SP;2
202312;PORTO SEGURO ADM. CONS. LTDA                                ;1;TO;35
202312;PORTO SEGURO ADM. CONS. LTDA                                ;2;TO;5
202312;PORTO SEGURO ADM. CONS. LTDA                                ;3;TO;47
202312;PORTO SEGURO ADM. CONS. LTDA                                ;5;TO;0
202312;GMAC ADM CONS  LTDA                                         ;3;AC;31
202312;GMAC ADM CONS  LTDA                                         ;3;AL;40
202312;GMAC ADM CONS  LTDA                                         ;3;AM;349
202312;GMAC ADM CONS  LTDA                                         ;3;AP;210
202312;GMAC ADM CONS  LTDA                                         ;3;BA;1019
202312;GMAC ADM CONS  LTDA                                         ;3;CE;1199
202312;GMAC ADM CONS  LTDA                                         ;3;DF;147
202312;GMAC ADM CONS  LTDA                                         ;3;ES;98
202312;GMAC ADM CONS  LTDA                                         ;3;GO;452
202312;GMAC ADM CONS  LTDA                                         ;3;MA;223
202312;GMAC ADM CONS  LTDA                                         ;3;MG;876
202312;GMAC ADM CONS  LTDA                                         ;3;MS;112
202312;GMAC ADM CONS  LTDA                                         ;3;MT;172
202312;GMAC ADM CONS  LTDA                                         ;3;PA;899
202312;GMAC ADM CONS  LTDA                                         ;3;PB;147
202312;GMAC ADM CONS  LTDA                                         ;3;PE;317
202312;GMAC ADM CONS  LTDA                                         ;3;PI;156
202312;GMAC ADM CONS  LTDA                                         ;3;PR;291
202312;GMAC ADM CONS  LTDA                                         ;3;RJ;395
202312;GMAC ADM CONS  LTDA                                         ;3;RN;162
202312;GMAC ADM CONS  LTDA                                         ;3;RO;53
202312;GMAC ADM CONS  LTDA                                         ;3;RR;42
202312;GMAC ADM CONS  LTDA                                         ;3;RS;111
202312;GMAC ADM CONS  LTDA                                         ;3;SC;97
202312;GMAC ADM CONS  LTDA                                         ;3;SE;140
202312;GMAC ADM CONS  LTDA                                         ;3;SP;2691
202312;GMAC ADM CONS  LTDA                                         ;3;TO;91
202312;VINAC ADM DE CONSÓRCIOS LTDA                                ;3;AL;0
202312;VINAC ADM DE CONSÓRCIOS LTDA                                ;3;AM;2
202312;VINAC ADM DE CONSÓRCIOS LTDA                                ;3;BA;0
202312;VINAC ADM DE CONSÓRCIOS LTDA                                ;3;CE;1
202312;VINAC ADM DE CONSÓRCIOS LTDA                                ;3;DF;0
202312;VINAC ADM DE CONSÓRCIOS LTDA                                ;3;ES;0
202312;VINAC ADM DE CONSÓRCIOS LTDA                                ;3;GO;1
202312;VINAC ADM DE CONSÓRCIOS LTDA                                ;3;MA;0
202312;VINAC ADM DE CONSÓRCIOS LTDA                                ;3;MG;11
202312;VINAC ADM DE CONSÓRCIOS LTDA                                ;3;MS;0
202312;VINAC ADM DE CONSÓRCIOS LTDA                                ;3;MT;0
202312;VINAC ADM DE CONSÓRCIOS LTDA                                ;3;PA;2
202312;VINAC ADM DE CONSÓRCIOS LTDA                                ;3;PB;0
202312;VINAC ADM DE CONSÓRCIOS LTDA                                ;3;PR;2
202312;VINAC ADM DE CONSÓRCIOS LTDA                                ;3;RJ;5
202312;VINAC ADM DE CONSÓRCIOS LTDA                                ;3;RN;0
202312;VINAC ADM DE CONSÓRCIOS LTDA                                ;3;RO;0
202312;VINAC ADM DE CONSÓRCIOS LTDA                                ;3;RS;0
202312;VINAC ADM DE CONSÓRCIOS LTDA                                ;3;SC;0
202312;VINAC ADM DE CONSÓRCIOS LTDA                                ;3;SP;771
202312;VINAC ADM DE CONSÓRCIOS LTDA                                ;3;TO;1
202312;UNAFISCO-ASS NAC AUD FISC RFB                               ;3;AM;0
202312;UNAFISCO-ASS NAC AUD FISC RFB                               ;3;BA;0
202312;UNAFISCO-ASS NAC AUD FISC RFB                               ;3;CE;0
202312;UNAFISCO-ASS NAC AUD FISC RFB                               ;3;DF;0
202312;UNAFISCO-ASS NAC AUD FISC RFB                               ;3;ES;0
202312;UNAFISCO-ASS NAC AUD FISC RFB                               ;3;GO;0
202312;UNAFISCO-ASS NAC AUD FISC RFB                               ;3;MA;0
202312;UNAFISCO-ASS NAC AUD FISC RFB                               ;3;MG;0
202312;UNAFISCO-ASS NAC AUD FISC RFB                               ;3;MT;0
202312;UNAFISCO-ASS NAC AUD FISC RFB                               ;3;PA;0
202312;UNAFISCO-ASS NAC AUD FISC RFB                               ;3;PB;0
202312;UNAFISCO-ASS NAC AUD FISC RFB                               ;3;PE;0
202312;UNAFISCO-ASS NAC AUD FISC RFB                               ;3;PI;0
202312;UNAFISCO-ASS NAC AUD FISC RFB                               ;3;PR;0
202312;UNAFISCO-ASS NAC AUD FISC RFB                               ;3;RJ;0
202312;UNAFISCO-ASS NAC AUD FISC RFB                               ;3;RO;0
202312;UNAFISCO-ASS NAC AUD FISC RFB                               ;3;RS;0
202312;UNAFISCO-ASS NAC AUD FISC RFB                               ;3;SC;0
202312;UNAFISCO-ASS NAC AUD FISC RFB                               ;3;SP;0
202312;VKN ADM CONS LTDA                                           ;3;AC;0
202312;VKN ADM CONS LTDA                                           ;5;AC;0
202312;VKN ADM CONS LTDA                                           ;3;AL;0
202312;VKN ADM CONS LTDA                                           ;5;AL;0
202312;VKN ADM CONS LTDA                                           ;3;AM;0
202312;VKN ADM CONS LTDA                                           ;5;AM;0
202312;VKN ADM CONS LTDA                                           ;3;BA;16
202312;VKN ADM CONS LTDA                                           ;5;BA;0
202312;VKN ADM CONS LTDA                                           ;6;BA;0
202312;VKN ADM CONS LTDA                                           ;3;CE;0
202312;VKN ADM CONS LTDA                                           ;5;CE;0
202312;VKN ADM CONS LTDA                                           ;3;DF;0
202312;VKN ADM CONS LTDA                                           ;5;DF;0
202312;VKN ADM CONS LTDA                                           ;3;ES;3
202312;VKN ADM CONS LTDA                                           ;5;ES;0
202312;VKN ADM CONS LTDA                                           ;6;ES;0
202312;VKN ADM CONS LTDA                                           ;3;GO;0
202312;VKN ADM CONS LTDA                                           ;5;GO;0
202312;VKN ADM CONS LTDA                                           ;3;MA;0
202312;VKN ADM CONS LTDA                                           ;5;MA;0
202312;VKN ADM CONS LTDA                                           ;3;MG;23
202312;VKN ADM CONS LTDA                                           ;5;MG;0
202312;VKN ADM CONS LTDA                                           ;6;MG;0
202312;VKN ADM CONS LTDA                                           ;3;MS;0
202312;VKN ADM CONS LTDA                                           ;5;MS;0
202312;VKN ADM CONS LTDA                                           ;6;MS;0
202312;VKN ADM CONS LTDA                                           ;3;MT;0
202312;VKN ADM CONS LTDA                                           ;5;MT;0
202312;VKN ADM CONS LTDA                                           ;6;MT;0
202312;VKN ADM CONS LTDA                                           ;3;PA;0
202312;VKN ADM CONS LTDA                                           ;5;PA;0
202312;VKN ADM CONS LTDA                                           ;6;PA;0
202312;VKN ADM CONS LTDA                                           ;3;PB;0
202312;VKN ADM CONS LTDA                                           ;5;PB;0
202312;VKN ADM CONS LTDA                                           ;3;PE;0
202312;VKN ADM CONS LTDA                                           ;5;PE;0
202312;VKN ADM CONS LTDA                                           ;3;PI;0
202312;VKN ADM CONS LTDA                                           ;5;PI;0
202312;VKN ADM CONS LTDA                                           ;3;PR;11
202312;VKN ADM CONS LTDA                                           ;5;PR;0
202312;VKN ADM CONS LTDA                                           ;6;PR;0
202312;VKN ADM CONS LTDA                                           ;3;RJ;0
202312;VKN ADM CONS LTDA                                           ;5;RJ;0
202312;VKN ADM CONS LTDA                                           ;6;RJ;0
202312;VKN ADM CONS LTDA                                           ;3;RN;0
202312;VKN ADM CONS LTDA                                           ;5;RN;0
202312;VKN ADM CONS LTDA                                           ;3;RO;0
202312;VKN ADM CONS LTDA                                           ;5;RO;0
202312;VKN ADM CONS LTDA                                           ;3;RR;0
202312;VKN ADM CONS LTDA                                           ;3;RS;0
202312;VKN ADM CONS LTDA                                           ;5;RS;0
202312;VKN ADM CONS LTDA                                           ;6;RS;0
202312;VKN ADM CONS LTDA                                           ;3;SC;0
202312;VKN ADM CONS LTDA                                           ;5;SC;0
202312;VKN ADM CONS LTDA                                           ;6;SC;0
202312;VKN ADM CONS LTDA                                           ;3;SE;0
202312;VKN ADM CONS LTDA                                           ;5;SE;0
202312;VKN ADM CONS LTDA                                           ;3;SP;7
202312;VKN ADM CONS LTDA                                           ;5;SP;0
202312;VKN ADM CONS LTDA                                           ;6;SP;0
202312;VKN ADM CONS LTDA                                           ;3;TO;0
202312;VKN ADM CONS LTDA                                           ;5;TO;0
202312;PRIMO ROSSI ADM. CONS. LTDA                                 ;2;AC;0
202312;PRIMO ROSSI ADM. CONS. LTDA                                 ;3;AC;0
202312;PRIMO ROSSI ADM. CONS. LTDA                                 ;4;AC;0
202312;PRIMO ROSSI ADM. CONS. LTDA                                 ;2;AL;10
202312;PRIMO ROSSI ADM. CONS. LTDA                                 ;3;AL;0
202312;PRIMO ROSSI ADM. CONS. LTDA                                 ;4;AL;0
202312;PRIMO ROSSI ADM. CONS. LTDA                                 ;1;AM;0
202312;PRIMO ROSSI ADM. CONS. LTDA                                 ;2;AM;0
202312;PRIMO ROSSI ADM. CONS. LTDA                                 ;3;AM;2
202312;PRIMO ROSSI ADM. CONS. LTDA                                 ;4;AM;0
202312;PRIMO ROSSI ADM. CONS. LTDA                                 ;2;AP;0
202312;PRIMO ROSSI ADM. CONS. LTDA                                 ;4;AP;0
202312;PRIMO ROSSI ADM. CONS. LTDA                                 ;1;BA;0
202312;PRIMO ROSSI ADM. CONS. LTDA                                 ;2;BA;11
202312;PRIMO ROSSI ADM. CONS. LTDA                                 ;3;BA;0
202312;PRIMO ROSSI ADM. CONS. LTDA                                 ;4;BA;0
202312;PRIMO ROSSI ADM. CONS. LTDA                                 ;1;CE;0
202312;PRIMO ROSSI ADM. CONS. LTDA                                 ;2;CE;6
202312;PRIMO ROSSI ADM. CONS. LTDA                                 ;3;CE;0
202312;PRIMO ROSSI ADM. CONS. LTDA                                 ;4;CE;0
202312;PRIMO ROSSI ADM. CONS. LTDA                                 ;1;DF;0
202312;PRIMO ROSSI ADM. CONS. LTDA                                 ;2;DF;0
202312;PRIMO ROSSI ADM. CONS. LTDA                                 ;3;DF;0
202312;PRIMO ROSSI ADM. CONS. LTDA                                 ;4;DF;0
202312;PRIMO ROSSI ADM. CONS. LTDA                                 ;1;ES;0
202312;PRIMO ROSSI ADM. CONS. LTDA                                 ;2;ES;1
202312;PRIMO ROSSI ADM. CONS. LTDA                                 ;3;ES;2
202312;PRIMO ROSSI ADM. CONS. LTDA                                 ;4;ES;0
202312;PRIMO ROSSI ADM. CONS. LTDA                                 ;1;GO;1
202312;PRIMO ROSSI ADM. CONS. LTDA                                 ;2;GO;59
202312;PRIMO ROSSI ADM. CONS. LTDA                                 ;3;GO;5
202312;PRIMO ROSSI ADM. CONS. LTDA                                 ;4;GO;2
202312;PRIMO ROSSI ADM. CONS. LTDA                                 ;1;MA;0
202312;PRIMO ROSSI ADM. CONS. LTDA                                 ;2;MA;16
202312;PRIMO ROSSI ADM. CONS. LTDA                                 ;3;MA;0
202312;PRIMO ROSSI ADM. CONS. LTDA                                 ;4;MA;0
202312;PRIMO ROSSI ADM. CONS. LTDA                                 ;1;MG;55
202312;PRIMO ROSSI ADM. CONS. LTDA                                 ;2;MG;47
202312;PRIMO ROSSI ADM. CONS. LTDA                                 ;3;MG;251
202312;PRIMO ROSSI ADM. CONS. LTDA                                 ;4;MG;261
202312;PRIMO ROSSI ADM. CONS. LTDA                                 ;1;MS;1
202312;PRIMO ROSSI ADM. CONS. LTDA                                 ;2;MS;7
202312;PRIMO ROSSI ADM. CONS. LTDA                                 ;3;MS;0
202312;PRIMO ROSSI ADM. CONS. LTDA                                 ;4;MS;5
202312;PRIMO ROSSI ADM. CONS. LTDA                                 ;1;MT;4
202312;PRIMO ROSSI ADM. CONS. LTDA                                 ;2;MT;78
202312;PRIMO ROSSI ADM. CONS. LTDA                                 ;3;MT;12
202312;PRIMO ROSSI ADM. CONS. LTDA                                 ;4;MT;21
202312;PRIMO ROSSI ADM. CONS. LTDA                                 ;1;PA;0
202312;PRIMO ROSSI ADM. CONS. LTDA                                 ;2;PA;33
202312;PRIMO ROSSI ADM. CONS. LTDA                                 ;3;PA;0
202312;PRIMO ROSSI ADM. CONS. LTDA                                 ;4;PA;0
202312;PRIMO ROSSI ADM. CONS. LTDA                                 ;1;PB;0
202312;PRIMO ROSSI ADM. CONS. LTDA                                 ;2;PB;0
202312;PRIMO ROSSI ADM. CONS. LTDA                                 ;3;PB;0
202312;PRIMO ROSSI ADM. CONS. LTDA                                 ;4;PB;0
202312;PRIMO ROSSI ADM. CONS. LTDA                                 ;1;PE;0
202312;PRIMO ROSSI ADM. CONS. LTDA                                 ;2;PE;0
202312;PRIMO ROSSI ADM. CONS. LTDA                                 ;3;PE;0
202312;PRIMO ROSSI ADM. CONS. LTDA                                 ;4;PE;0
202312;PRIMO ROSSI ADM. CONS. LTDA                                 ;2;PI;5
202312;PRIMO ROSSI ADM. CONS. LTDA                                 ;4;PI;0
202312;PRIMO ROSSI ADM. CONS. LTDA                                 ;1;PR;0
202312;PRIMO ROSSI ADM. CONS. LTDA                                 ;2;PR;46
202312;PRIMO ROSSI ADM. CONS. LTDA                                 ;3;PR;1
202312;PRIMO ROSSI ADM. CONS. LTDA                                 ;4;PR;3
202312;PRIMO ROSSI ADM. CONS. LTDA                                 ;1;RJ;5
202312;PRIMO ROSSI ADM. CONS. LTDA                                 ;2;RJ;3
202312;PRIMO ROSSI ADM. CONS. LTDA                                 ;3;RJ;18
202312;PRIMO ROSSI ADM. CONS. LTDA                                 ;4;RJ;2
202312;PRIMO ROSSI ADM. CONS. LTDA                                 ;1;RN;0
202312;PRIMO ROSSI ADM. CONS. LTDA                                 ;2;RN;0
202312;PRIMO ROSSI ADM. CONS. LTDA                                 ;3;RN;0
202312;PRIMO ROSSI ADM. CONS. LTDA                                 ;4;RN;0
202312;PRIMO ROSSI ADM. CONS. LTDA                                 ;1;RO;0
202312;PRIMO ROSSI ADM. CONS. LTDA                                 ;2;RO;21
202312;PRIMO ROSSI ADM. CONS. LTDA                                 ;3;RO;0
202312;PRIMO ROSSI ADM. CONS. LTDA                                 ;4;RO;0
202312;PRIMO ROSSI ADM. CONS. LTDA                                 ;2;RR;0
202312;PRIMO ROSSI ADM. CONS. LTDA                                 ;3;RR;0
202312;PRIMO ROSSI ADM. CONS. LTDA                                 ;1;RS;0
202312;PRIMO ROSSI ADM. CONS. LTDA                                 ;2;RS;85
202312;PRIMO ROSSI ADM. CONS. LTDA                                 ;3;RS;3
202312;PRIMO ROSSI ADM. CONS. LTDA                                 ;4;RS;0
202312;PRIMO ROSSI ADM. CONS. LTDA                                 ;1;SC;0
202312;PRIMO ROSSI ADM. CONS. LTDA                                 ;2;SC;34
202312;PRIMO ROSSI ADM. CONS. LTDA                                 ;3;SC;0
202312;PRIMO ROSSI ADM. CONS. LTDA                                 ;4;SC;0
202312;PRIMO ROSSI ADM. CONS. LTDA                                 ;2;SE;6
202312;PRIMO ROSSI ADM. CONS. LTDA                                 ;4;SE;0
202312;PRIMO ROSSI ADM. CONS. LTDA                                 ;1;SP;20
202312;PRIMO ROSSI ADM. CONS. LTDA                                 ;2;SP;41
202312;PRIMO ROSSI ADM. CONS. LTDA                                 ;3;SP;13
202312;PRIMO ROSSI ADM. CONS. LTDA                                 ;4;SP;25
202312;PRIMO ROSSI ADM. CONS. LTDA                                 ;1;TO;0
202312;PRIMO ROSSI ADM. CONS. LTDA                                 ;2;TO;5
202312;PRIMO ROSSI ADM. CONS. LTDA                                 ;3;TO;2
202312;PRIMO ROSSI ADM. CONS. LTDA                                 ;4;TO;0
202312;RODOBENS ADM CONSORCIOS LTDA                                ;1;AC;28
202312;RODOBENS ADM CONSORCIOS LTDA                                ;2;AC;0
202312;RODOBENS ADM CONSORCIOS LTDA                                ;3;AC;39
202312;RODOBENS ADM CONSORCIOS LTDA                                ;4;AC;0
202312;RODOBENS ADM CONSORCIOS LTDA                                ;6;AC;6
202312;RODOBENS ADM CONSORCIOS LTDA                                ;1;AL;16
202312;RODOBENS ADM CONSORCIOS LTDA                                ;2;AL;0
202312;RODOBENS ADM CONSORCIOS LTDA                                ;3;AL;12
202312;RODOBENS ADM CONSORCIOS LTDA                                ;4;AL;0
202312;RODOBENS ADM CONSORCIOS LTDA                                ;6;AL;0
202312;RODOBENS ADM CONSORCIOS LTDA                                ;1;AM;31
202312;RODOBENS ADM CONSORCIOS LTDA                                ;2;AM;2
202312;RODOBENS ADM CONSORCIOS LTDA                                ;3;AM;22
202312;RODOBENS ADM CONSORCIOS LTDA                                ;4;AM;7
202312;RODOBENS ADM CONSORCIOS LTDA                                ;6;AM;1
202312;RODOBENS ADM CONSORCIOS LTDA                                ;1;AP;12
202312;RODOBENS ADM CONSORCIOS LTDA                                ;2;AP;0
202312;RODOBENS ADM CONSORCIOS LTDA                                ;3;AP;2
202312;RODOBENS ADM CONSORCIOS LTDA                                ;4;AP;0
202312;RODOBENS ADM CONSORCIOS LTDA                                ;6;AP;2
202312;RODOBENS ADM CONSORCIOS LTDA                                ;1;BA;210
202312;RODOBENS ADM CONSORCIOS LTDA                                ;2;BA;0
202312;RODOBENS ADM CONSORCIOS LTDA                                ;3;BA;223
202312;RODOBENS ADM CONSORCIOS LTDA                                ;4;BA;41
202312;RODOBENS ADM CONSORCIOS LTDA                                ;6;BA;20
202312;RODOBENS ADM CONSORCIOS LTDA                                ;1;CE;168
202312;RODOBENS ADM CONSORCIOS LTDA                                ;2;CE;4
202312;RODOBENS ADM CONSORCIOS LTDA                                ;3;CE;147
202312;RODOBENS ADM CONSORCIOS LTDA                                ;4;CE;18
202312;RODOBENS ADM CONSORCIOS LTDA                                ;6;CE;2
202312;RODOBENS ADM CONSORCIOS LTDA                                ;1;DF;72
202312;RODOBENS ADM CONSORCIOS LTDA                                ;2;DF;0
202312;RODOBENS ADM CONSORCIOS LTDA                                ;3;DF;92
202312;RODOBENS ADM CONSORCIOS LTDA                                ;4;DF;2
202312;RODOBENS ADM CONSORCIOS LTDA                                ;6;DF;2
202312;RODOBENS ADM CONSORCIOS LTDA                                ;1;ES;86
202312;RODOBENS ADM CONSORCIOS LTDA                                ;2;ES;0
202312;RODOBENS ADM CONSORCIOS LTDA                                ;3;ES;60
202312;RODOBENS ADM CONSORCIOS LTDA                                ;4;ES;11
202312;RODOBENS ADM CONSORCIOS LTDA                                ;6;ES;2
202312;RODOBENS ADM CONSORCIOS LTDA                                ;1;GO;107
202312;RODOBENS ADM CONSORCIOS LTDA                                ;2;GO;0
202312;RODOBENS ADM CONSORCIOS LTDA                                ;3;GO;77
202312;RODOBENS ADM CONSORCIOS LTDA                                ;4;GO;9
202312;RODOBENS ADM CONSORCIOS LTDA                                ;6;GO;10
202312;RODOBENS ADM CONSORCIOS LTDA                                ;1;MA;92
202312;RODOBENS ADM CONSORCIOS LTDA                                ;2;MA;0
202312;RODOBENS ADM CONSORCIOS LTDA                                ;3;MA;163
202312;RODOBENS ADM CONSORCIOS LTDA                                ;4;MA;21
202312;RODOBENS ADM CONSORCIOS LTDA                                ;6;MA;25
202312;RODOBENS ADM CONSORCIOS LTDA                                ;1;MG;431
202312;RODOBENS ADM CONSORCIOS LTDA                                ;2;MG;0
202312;RODOBENS ADM CONSORCIOS LTDA                                ;3;MG;359
202312;RODOBENS ADM CONSORCIOS LTDA                                ;4;MG;84
202312;RODOBENS ADM CONSORCIOS LTDA                                ;6;MG;55
202312;RODOBENS ADM CONSORCIOS LTDA                                ;1;MS;47
202312;RODOBENS ADM CONSORCIOS LTDA                                ;2;MS;1
202312;RODOBENS ADM CONSORCIOS LTDA                                ;3;MS;48
202312;RODOBENS ADM CONSORCIOS LTDA                                ;4;MS;6
202312;RODOBENS ADM CONSORCIOS LTDA                                ;6;MS;11
202312;RODOBENS ADM CONSORCIOS LTDA                                ;1;MT;89
202312;RODOBENS ADM CONSORCIOS LTDA                                ;2;MT;0
202312;RODOBENS ADM CONSORCIOS LTDA                                ;3;MT;141
202312;RODOBENS ADM CONSORCIOS LTDA                                ;4;MT;14
202312;RODOBENS ADM CONSORCIOS LTDA                                ;6;MT;17
202312;RODOBENS ADM CONSORCIOS LTDA                                ;1;PA;72
202312;RODOBENS ADM CONSORCIOS LTDA                                ;2;PA;0
202312;RODOBENS ADM CONSORCIOS LTDA                                ;3;PA;137
202312;RODOBENS ADM CONSORCIOS LTDA                                ;4;PA;11
202312;RODOBENS ADM CONSORCIOS LTDA                                ;6;PA;12
202312;RODOBENS ADM CONSORCIOS LTDA                                ;1;PB;38
202312;RODOBENS ADM CONSORCIOS LTDA                                ;2;PB;0
202312;RODOBENS ADM CONSORCIOS LTDA                                ;3;PB;53
202312;RODOBENS ADM CONSORCIOS LTDA                                ;4;PB;8
202312;RODOBENS ADM CONSORCIOS LTDA                                ;6;PB;1
202312;RODOBENS ADM CONSORCIOS LTDA                                ;1;PE;192
202312;RODOBENS ADM CONSORCIOS LTDA                                ;2;PE;0
202312;RODOBENS ADM CONSORCIOS LTDA                                ;3;PE;116
202312;RODOBENS ADM CONSORCIOS LTDA                                ;4;PE;25
202312;RODOBENS ADM CONSORCIOS LTDA                                ;6;PE;4
202312;RODOBENS ADM CONSORCIOS LTDA                                ;1;PI;25
202312;RODOBENS ADM CONSORCIOS LTDA                                ;2;PI;0
202312;RODOBENS ADM CONSORCIOS LTDA                                ;3;PI;91
202312;RODOBENS ADM CONSORCIOS LTDA                                ;4;PI;10
202312;RODOBENS ADM CONSORCIOS LTDA                                ;6;PI;7
202312;RODOBENS ADM CONSORCIOS LTDA                                ;1;PR;361
202312;RODOBENS ADM CONSORCIOS LTDA                                ;2;PR;0
202312;RODOBENS ADM CONSORCIOS LTDA                                ;3;PR;83
202312;RODOBENS ADM CONSORCIOS LTDA                                ;4;PR;6
202312;RODOBENS ADM CONSORCIOS LTDA                                ;6;PR;12
202312;RODOBENS ADM CONSORCIOS LTDA                                ;1;RJ;233
202312;RODOBENS ADM CONSORCIOS LTDA                                ;2;RJ;0
202312;RODOBENS ADM CONSORCIOS LTDA                                ;3;RJ;109
202312;RODOBENS ADM CONSORCIOS LTDA                                ;4;RJ;24
202312;RODOBENS ADM CONSORCIOS LTDA                                ;6;RJ;7
202312;RODOBENS ADM CONSORCIOS LTDA                                ;1;RN;29
202312;RODOBENS ADM CONSORCIOS LTDA                                ;2;RN;0
202312;RODOBENS ADM CONSORCIOS LTDA                                ;3;RN;24
202312;RODOBENS ADM CONSORCIOS LTDA                                ;4;RN;5
202312;RODOBENS ADM CONSORCIOS LTDA                                ;6;RN;4
202312;RODOBENS ADM CONSORCIOS LTDA                                ;1;RO;20
202312;RODOBENS ADM CONSORCIOS LTDA                                ;2;RO;0
202312;RODOBENS ADM CONSORCIOS LTDA                                ;3;RO;10
202312;RODOBENS ADM CONSORCIOS LTDA                                ;4;RO;4
202312;RODOBENS ADM CONSORCIOS LTDA                                ;6;RO;1
202312;RODOBENS ADM CONSORCIOS LTDA                                ;1;RR;9
202312;RODOBENS ADM CONSORCIOS LTDA                                ;2;RR;0
202312;RODOBENS ADM CONSORCIOS LTDA                                ;3;RR;12
202312;RODOBENS ADM CONSORCIOS LTDA                                ;4;RR;4
202312;RODOBENS ADM CONSORCIOS LTDA                                ;6;RR;3
202312;RODOBENS ADM CONSORCIOS LTDA                                ;1;RS;251
202312;RODOBENS ADM CONSORCIOS LTDA                                ;2;RS;1
202312;RODOBENS ADM CONSORCIOS LTDA                                ;3;RS;63
202312;RODOBENS ADM CONSORCIOS LTDA                                ;4;RS;3
202312;RODOBENS ADM CONSORCIOS LTDA                                ;6;RS;9
202312;RODOBENS ADM CONSORCIOS LTDA                                ;1;SC;138
202312;RODOBENS ADM CONSORCIOS LTDA                                ;2;SC;0
202312;RODOBENS ADM CONSORCIOS LTDA                                ;3;SC;49
202312;RODOBENS ADM CONSORCIOS LTDA                                ;4;SC;4
202312;RODOBENS ADM CONSORCIOS LTDA                                ;6;SC;6
202312;RODOBENS ADM CONSORCIOS LTDA                                ;1;SE;45
202312;RODOBENS ADM CONSORCIOS LTDA                                ;2;SE;0
202312;RODOBENS ADM CONSORCIOS LTDA                                ;3;SE;32
202312;RODOBENS ADM CONSORCIOS LTDA                                ;4;SE;6
202312;RODOBENS ADM CONSORCIOS LTDA                                ;6;SE;6
202312;RODOBENS ADM CONSORCIOS LTDA                                ;1;SP;1448
202312;RODOBENS ADM CONSORCIOS LTDA                                ;2;SP;1
202312;RODOBENS ADM CONSORCIOS LTDA                                ;3;SP;490
202312;RODOBENS ADM CONSORCIOS LTDA                                ;4;SP;91
202312;RODOBENS ADM CONSORCIOS LTDA                                ;6;SP;55
202312;RODOBENS ADM CONSORCIOS LTDA                                ;1;TO;46
202312;RODOBENS ADM CONSORCIOS LTDA                                ;2;TO;0
202312;RODOBENS ADM CONSORCIOS LTDA                                ;3;TO;46
202312;RODOBENS ADM CONSORCIOS LTDA                                ;4;TO;6
202312;RODOBENS ADM CONSORCIOS LTDA                                ;6;TO;13
202312;BRADESCO CONS. LTDA.                                        ;1;AC;30
202312;BRADESCO CONS. LTDA.                                        ;2;AC;20
202312;BRADESCO CONS. LTDA.                                        ;3;AC;114
202312;BRADESCO CONS. LTDA.                                        ;4;AC;5
202312;BRADESCO CONS. LTDA.                                        ;1;AL;30
202312;BRADESCO CONS. LTDA.                                        ;2;AL;63
202312;BRADESCO CONS. LTDA.                                        ;3;AL;411
202312;BRADESCO CONS. LTDA.                                        ;4;AL;33
202312;BRADESCO CONS. LTDA.                                        ;1;AM;210
202312;BRADESCO CONS. LTDA.                                        ;2;AM;169
202312;BRADESCO CONS. LTDA.                                        ;3;AM;1536
202312;BRADESCO CONS. LTDA.                                        ;4;AM;37
202312;BRADESCO CONS. LTDA.                                        ;1;AP;19
202312;BRADESCO CONS. LTDA.                                        ;2;AP;16
202312;BRADESCO CONS. LTDA.                                        ;3;AP;155
202312;BRADESCO CONS. LTDA.                                        ;4;AP;2
202312;BRADESCO CONS. LTDA.                                        ;1;BA;335
202312;BRADESCO CONS. LTDA.                                        ;2;BA;824
202312;BRADESCO CONS. LTDA.                                        ;3;BA;3728
202312;BRADESCO CONS. LTDA.                                        ;4;BA;106
202312;BRADESCO CONS. LTDA.                                        ;1;CE;87
202312;BRADESCO CONS. LTDA.                                        ;2;CE;181
202312;BRADESCO CONS. LTDA.                                        ;3;CE;1276
202312;BRADESCO CONS. LTDA.                                        ;4;CE;45
202312;BRADESCO CONS. LTDA.                                        ;1;DF;81
202312;BRADESCO CONS. LTDA.                                        ;2;DF;86
202312;BRADESCO CONS. LTDA.                                        ;3;DF;1319
202312;BRADESCO CONS. LTDA.                                        ;4;DF;12
202312;BRADESCO CONS. LTDA.                                        ;1;ES;75
202312;BRADESCO CONS. LTDA.                                        ;2;ES;75
202312;BRADESCO CONS. LTDA.                                        ;3;ES;377
202312;BRADESCO CONS. LTDA.                                        ;4;ES;5
202312;BRADESCO CONS. LTDA.                                        ;1;GO;375
202312;BRADESCO CONS. LTDA.                                        ;2;GO;367
202312;BRADESCO CONS. LTDA.                                        ;3;GO;2798
202312;BRADESCO CONS. LTDA.                                        ;4;GO;132
202312;BRADESCO CONS. LTDA.                                        ;1;MA;138
202312;BRADESCO CONS. LTDA.                                        ;2;MA;479
202312;BRADESCO CONS. LTDA.                                        ;3;MA;1466
202312;BRADESCO CONS. LTDA.                                        ;4;MA;52
202312;BRADESCO CONS. LTDA.                                        ;1;MG;578
202312;BRADESCO CONS. LTDA.                                        ;2;MG;644
202312;BRADESCO CONS. LTDA.                                        ;3;MG;4779
202312;BRADESCO CONS. LTDA.                                        ;4;MG;169
202312;BRADESCO CONS. LTDA.                                        ;1;MS;161
202312;BRADESCO CONS. LTDA.                                        ;2;MS;304
202312;BRADESCO CONS. LTDA.                                        ;3;MS;1658
202312;BRADESCO CONS. LTDA.                                        ;4;MS;48
202312;BRADESCO CONS. LTDA.                                        ;1;MT;103
202312;BRADESCO CONS. LTDA.                                        ;2;MT;99
202312;BRADESCO CONS. LTDA.                                        ;3;MT;2071
202312;BRADESCO CONS. LTDA.                                        ;4;MT;29
202312;BRADESCO CONS. LTDA.                                        ;1;PA;199
202312;BRADESCO CONS. LTDA.                                        ;2;PA;250
202312;BRADESCO CONS. LTDA.                                        ;3;PA;2006
202312;BRADESCO CONS. LTDA.                                        ;4;PA;52
202312;BRADESCO CONS. LTDA.                                        ;1;PB;110
202312;BRADESCO CONS. LTDA.                                        ;2;PB;106
202312;BRADESCO CONS. LTDA.                                        ;3;PB;647
202312;BRADESCO CONS. LTDA.                                        ;4;PB;43
202312;BRADESCO CONS. LTDA.                                        ;1;PE;193
202312;BRADESCO CONS. LTDA.                                        ;2;PE;178
202312;BRADESCO CONS. LTDA.                                        ;3;PE;1800
202312;BRADESCO CONS. LTDA.                                        ;4;PE;37
202312;BRADESCO CONS. LTDA.                                        ;1;PI;45
202312;BRADESCO CONS. LTDA.                                        ;2;PI;115
202312;BRADESCO CONS. LTDA.                                        ;3;PI;462
202312;BRADESCO CONS. LTDA.                                        ;4;PI;18
202312;BRADESCO CONS. LTDA.                                        ;1;PR;729
202312;BRADESCO CONS. LTDA.                                        ;2;PR;409
202312;BRADESCO CONS. LTDA.                                        ;3;PR;3987
202312;BRADESCO CONS. LTDA.                                        ;4;PR;56
202312;BRADESCO CONS. LTDA.                                        ;1;RJ;706
202312;BRADESCO CONS. LTDA.                                        ;2;RJ;534
202312;BRADESCO CONS. LTDA.                                        ;3;RJ;2039
202312;BRADESCO CONS. LTDA.                                        ;4;RJ;49
202312;BRADESCO CONS. LTDA.                                        ;1;RN;27
202312;BRADESCO CONS. LTDA.                                        ;2;RN;28
202312;BRADESCO CONS. LTDA.                                        ;3;RN;214
202312;BRADESCO CONS. LTDA.                                        ;4;RN;13
202312;BRADESCO CONS. LTDA.                                        ;1;RO;43
202312;BRADESCO CONS. LTDA.                                        ;2;RO;49
202312;BRADESCO CONS. LTDA.                                        ;3;RO;436
202312;BRADESCO CONS. LTDA.                                        ;4;RO;10
202312;BRADESCO CONS. LTDA.                                        ;1;RR;5
202312;BRADESCO CONS. LTDA.                                        ;2;RR;9
202312;BRADESCO CONS. LTDA.                                        ;3;RR;98
202312;BRADESCO CONS. LTDA.                                        ;4;RR;4
202312;BRADESCO CONS. LTDA.                                        ;1;RS;450
202312;BRADESCO CONS. LTDA.                                        ;2;RS;372
202312;BRADESCO CONS. LTDA.                                        ;3;RS;3421
202312;BRADESCO CONS. LTDA.                                        ;4;RS;27
202312;BRADESCO CONS. LTDA.                                        ;1;SC;416
202312;BRADESCO CONS. LTDA.                                        ;2;SC;255
202312;BRADESCO CONS. LTDA.                                        ;3;SC;3785
202312;BRADESCO CONS. LTDA.                                        ;4;SC;51
202312;BRADESCO CONS. LTDA.                                        ;1;SE;15
202312;BRADESCO CONS. LTDA.                                        ;2;SE;18
202312;BRADESCO CONS. LTDA.                                        ;3;SE;179
202312;BRADESCO CONS. LTDA.                                        ;4;SE;9
202312;BRADESCO CONS. LTDA.                                        ;1;SP;6091
202312;BRADESCO CONS. LTDA.                                        ;2;SP;2737
202312;BRADESCO CONS. LTDA.                                        ;3;SP;33448
202312;BRADESCO CONS. LTDA.                                        ;4;SP;268
202312;BRADESCO CONS. LTDA.                                        ;1;TO;39
202312;BRADESCO CONS. LTDA.                                        ;2;TO;121
202312;BRADESCO CONS. LTDA.                                        ;3;TO;638
202312;BRADESCO CONS. LTDA.                                        ;4;TO;5
202312;TARRAF ADM CONS LTDA                                        ;3;AC;0
202312;TARRAF ADM CONS LTDA                                        ;3;AL;0
202312;TARRAF ADM CONS LTDA                                        ;1;BA;0
202312;TARRAF ADM CONS LTDA                                        ;2;BA;0
202312;TARRAF ADM CONS LTDA                                        ;3;BA;2
202312;TARRAF ADM CONS LTDA                                        ;4;BA;0
202312;TARRAF ADM CONS LTDA                                        ;4;CE;0
202312;TARRAF ADM CONS LTDA                                        ;3;DF;0
202312;TARRAF ADM CONS LTDA                                        ;4;DF;0
202312;TARRAF ADM CONS LTDA                                        ;2;ES;0
202312;TARRAF ADM CONS LTDA                                        ;3;ES;0
202312;TARRAF ADM CONS LTDA                                        ;4;ES;0
202312;TARRAF ADM CONS LTDA                                        ;1;GO;0
202312;TARRAF ADM CONS LTDA                                        ;2;GO;0
202312;TARRAF ADM CONS LTDA                                        ;3;GO;2
202312;TARRAF ADM CONS LTDA                                        ;4;GO;0
202312;TARRAF ADM CONS LTDA                                        ;2;MA;0
202312;TARRAF ADM CONS LTDA                                        ;3;MA;0
202312;TARRAF ADM CONS LTDA                                        ;4;MA;0
202312;TARRAF ADM CONS LTDA                                        ;1;MG;7
202312;TARRAF ADM CONS LTDA                                        ;2;MG;9
202312;TARRAF ADM CONS LTDA                                        ;3;MG;79
202312;TARRAF ADM CONS LTDA                                        ;4;MG;40
202312;TARRAF ADM CONS LTDA                                        ;1;MS;1
202312;TARRAF ADM CONS LTDA                                        ;2;MS;0
202312;TARRAF ADM CONS LTDA                                        ;3;MS;4
202312;TARRAF ADM CONS LTDA                                        ;4;MS;2
202312;TARRAF ADM CONS LTDA                                        ;1;MT;0
202312;TARRAF ADM CONS LTDA                                        ;2;MT;0
202312;TARRAF ADM CONS LTDA                                        ;3;MT;0
202312;TARRAF ADM CONS LTDA                                        ;4;MT;0
202312;TARRAF ADM CONS LTDA                                        ;1;PA;0
202312;TARRAF ADM CONS LTDA                                        ;3;PA;0
202312;TARRAF ADM CONS LTDA                                        ;4;PA;0
202312;TARRAF ADM CONS LTDA                                        ;1;PB;0
202312;TARRAF ADM CONS LTDA                                        ;2;PB;0
202312;TARRAF ADM CONS LTDA                                        ;4;PB;0
202312;TARRAF ADM CONS LTDA                                        ;1;PE;0
202312;TARRAF ADM CONS LTDA                                        ;2;PE;0
202312;TARRAF ADM CONS LTDA                                        ;3;PE;0
202312;TARRAF ADM CONS LTDA                                        ;4;PE;0
202312;TARRAF ADM CONS LTDA                                        ;1;PR;0
202312;TARRAF ADM CONS LTDA                                        ;2;PR;0
202312;TARRAF ADM CONS LTDA                                        ;3;PR;0
202312;TARRAF ADM CONS LTDA                                        ;4;PR;0
202312;TARRAF ADM CONS LTDA                                        ;1;RJ;0
202312;TARRAF ADM CONS LTDA                                        ;3;RJ;0
202312;TARRAF ADM CONS LTDA                                        ;4;RJ;0
202312;TARRAF ADM CONS LTDA                                        ;4;RN;0
202312;TARRAF ADM CONS LTDA                                        ;3;RO;0
202312;TARRAF ADM CONS LTDA                                        ;1;RS;1
202312;TARRAF ADM CONS LTDA                                        ;2;RS;0
202312;TARRAF ADM CONS LTDA                                        ;3;RS;0
202312;TARRAF ADM CONS LTDA                                        ;1;SC;0
202312;TARRAF ADM CONS LTDA                                        ;2;SC;0
202312;TARRAF ADM CONS LTDA                                        ;3;SC;0
202312;TARRAF ADM CONS LTDA                                        ;4;SC;0
202312;TARRAF ADM CONS LTDA                                        ;3;SE;0
202312;TARRAF ADM CONS LTDA                                        ;4;SE;0
202312;TARRAF ADM CONS LTDA                                        ;1;SP;118
202312;TARRAF ADM CONS LTDA                                        ;2;SP;69
202312;TARRAF ADM CONS LTDA                                        ;3;SP;479
202312;TARRAF ADM CONS LTDA                                        ;4;SP;255
202312;TARRAF ADM CONS LTDA                                        ;2;TO;0
202312;TARRAF ADM CONS LTDA                                        ;4;TO;0
202312;SPERTA ADM CONSORCIO NAC LTDA                               ;4;AL;0
202312;SPERTA ADM CONSORCIO NAC LTDA                               ;4;BA;0
202312;SPERTA ADM CONSORCIO NAC LTDA                               ;4;DF;0
202312;SPERTA ADM CONSORCIO NAC LTDA                               ;4;GO;0
202312;SPERTA ADM CONSORCIO NAC LTDA                               ;4;MG;0
202312;SPERTA ADM CONSORCIO NAC LTDA                               ;4;MS;0
202312;SPERTA ADM CONSORCIO NAC LTDA                               ;4;MT;0
202312;SPERTA ADM CONSORCIO NAC LTDA                               ;4;PI;0
202312;SPERTA ADM CONSORCIO NAC LTDA                               ;4;PR;0
202312;SPERTA ADM CONSORCIO NAC LTDA                               ;4;SC;0
202312;SPERTA ADM CONSORCIO NAC LTDA                               ;4;SP;884
202312;SANTANDER BRASIL ADM CONS LTDA                              ;1;AC;11
202312;SANTANDER BRASIL ADM CONS LTDA                              ;2;AC;0
202312;SANTANDER BRASIL ADM CONS LTDA                              ;3;AC;21
202312;SANTANDER BRASIL ADM CONS LTDA                              ;4;AC;2
202312;SANTANDER BRASIL ADM CONS LTDA                              ;5;AC;0
202312;SANTANDER BRASIL ADM CONS LTDA                              ;6;AC;0
202312;SANTANDER BRASIL ADM CONS LTDA                              ;1;AL;35
202312;SANTANDER BRASIL ADM CONS LTDA                              ;2;AL;0
202312;SANTANDER BRASIL ADM CONS LTDA                              ;3;AL;108
202312;SANTANDER BRASIL ADM CONS LTDA                              ;4;AL;14
202312;SANTANDER BRASIL ADM CONS LTDA                              ;5;AL;0
202312;SANTANDER BRASIL ADM CONS LTDA                              ;6;AL;0
202312;SANTANDER BRASIL ADM CONS LTDA                              ;1;AM;161
202312;SANTANDER BRASIL ADM CONS LTDA                              ;2;AM;0
202312;SANTANDER BRASIL ADM CONS LTDA                              ;3;AM;56
202312;SANTANDER BRASIL ADM CONS LTDA                              ;4;AM;10
202312;SANTANDER BRASIL ADM CONS LTDA                              ;5;AM;0
202312;SANTANDER BRASIL ADM CONS LTDA                              ;6;AM;0
202312;SANTANDER BRASIL ADM CONS LTDA                              ;1;AP;14
202312;SANTANDER BRASIL ADM CONS LTDA                              ;2;AP;0
202312;SANTANDER BRASIL ADM CONS LTDA                              ;3;AP;22
202312;SANTANDER BRASIL ADM CONS LTDA                              ;4;AP;2
202312;SANTANDER BRASIL ADM CONS LTDA                              ;5;AP;0
202312;SANTANDER BRASIL ADM CONS LTDA                              ;6;AP;0
202312;SANTANDER BRASIL ADM CONS LTDA                              ;1;BA;456
202312;SANTANDER BRASIL ADM CONS LTDA                              ;2;BA;7
202312;SANTANDER BRASIL ADM CONS LTDA                              ;3;BA;920
202312;SANTANDER BRASIL ADM CONS LTDA                              ;4;BA;101
202312;SANTANDER BRASIL ADM CONS LTDA                              ;5;BA;0
202312;SANTANDER BRASIL ADM CONS LTDA                              ;6;BA;0
202312;SANTANDER BRASIL ADM CONS LTDA                              ;1;CE;289
202312;SANTANDER BRASIL ADM CONS LTDA                              ;2;CE;21
202312;SANTANDER BRASIL ADM CONS LTDA                              ;3;CE;318
202312;SANTANDER BRASIL ADM CONS LTDA                              ;4;CE;49
202312;SANTANDER BRASIL ADM CONS LTDA                              ;5;CE;0
202312;SANTANDER BRASIL ADM CONS LTDA                              ;6;CE;0
202312;SANTANDER BRASIL ADM CONS LTDA                              ;1;DF;47
202312;SANTANDER BRASIL ADM CONS LTDA                              ;2;DF;0
202312;SANTANDER BRASIL ADM CONS LTDA                              ;3;DF;405
202312;SANTANDER BRASIL ADM CONS LTDA                              ;4;DF;3
202312;SANTANDER BRASIL ADM CONS LTDA                              ;5;DF;0
202312;SANTANDER BRASIL ADM CONS LTDA                              ;6;DF;0
202312;SANTANDER BRASIL ADM CONS LTDA                              ;1;ES;106
202312;SANTANDER BRASIL ADM CONS LTDA                              ;2;ES;34
202312;SANTANDER BRASIL ADM CONS LTDA                              ;3;ES;507
202312;SANTANDER BRASIL ADM CONS LTDA                              ;4;ES;16
202312;SANTANDER BRASIL ADM CONS LTDA                              ;5;ES;0
202312;SANTANDER BRASIL ADM CONS LTDA                              ;6;ES;0
202312;SANTANDER BRASIL ADM CONS LTDA                              ;1;GO;398
202312;SANTANDER BRASIL ADM CONS LTDA                              ;2;GO;14
202312;SANTANDER BRASIL ADM CONS LTDA                              ;3;GO;788
202312;SANTANDER BRASIL ADM CONS LTDA                              ;4;GO;66
202312;SANTANDER BRASIL ADM CONS LTDA                              ;5;GO;0
202312;SANTANDER BRASIL ADM CONS LTDA                              ;6;GO;0
202312;SANTANDER BRASIL ADM CONS LTDA                              ;1;MA;479
202312;SANTANDER BRASIL ADM CONS LTDA                              ;2;MA;8
202312;SANTANDER BRASIL ADM CONS LTDA                              ;3;MA;399
202312;SANTANDER BRASIL ADM CONS LTDA                              ;4;MA;23
202312;SANTANDER BRASIL ADM CONS LTDA                              ;5;MA;0
202312;SANTANDER BRASIL ADM CONS LTDA                              ;6;MA;0
202312;SANTANDER BRASIL ADM CONS LTDA                              ;1;MG;868
202312;SANTANDER BRASIL ADM CONS LTDA                              ;2;MG;19
202312;SANTANDER BRASIL ADM CONS LTDA                              ;3;MG;1011
202312;SANTANDER BRASIL ADM CONS LTDA                              ;4;MG;106
202312;SANTANDER BRASIL ADM CONS LTDA                              ;5;MG;0
202312;SANTANDER BRASIL ADM CONS LTDA                              ;6;MG;0
202312;SANTANDER BRASIL ADM CONS LTDA                              ;1;MS;117
202312;SANTANDER BRASIL ADM CONS LTDA                              ;2;MS;7
202312;SANTANDER BRASIL ADM CONS LTDA                              ;3;MS;1339
202312;SANTANDER BRASIL ADM CONS LTDA                              ;4;MS;15
202312;SANTANDER BRASIL ADM CONS LTDA                              ;5;MS;0
202312;SANTANDER BRASIL ADM CONS LTDA                              ;6;MS;0
202312;SANTANDER BRASIL ADM CONS LTDA                              ;1;MT;223
202312;SANTANDER BRASIL ADM CONS LTDA                              ;2;MT;5
202312;SANTANDER BRASIL ADM CONS LTDA                              ;3;MT;833
202312;SANTANDER BRASIL ADM CONS LTDA                              ;4;MT;30
202312;SANTANDER BRASIL ADM CONS LTDA                              ;5;MT;0
202312;SANTANDER BRASIL ADM CONS LTDA                              ;6;MT;0
202312;SANTANDER BRASIL ADM CONS LTDA                              ;1;PA;200
202312;SANTANDER BRASIL ADM CONS LTDA                              ;2;PA;12
202312;SANTANDER BRASIL ADM CONS LTDA                              ;3;PA;204
202312;SANTANDER BRASIL ADM CONS LTDA                              ;4;PA;35
202312;SANTANDER BRASIL ADM CONS LTDA                              ;5;PA;0
202312;SANTANDER BRASIL ADM CONS LTDA                              ;6;PA;0
202312;SANTANDER BRASIL ADM CONS LTDA                              ;1;PB;79
202312;SANTANDER BRASIL ADM CONS LTDA                              ;2;PB;0
202312;SANTANDER BRASIL ADM CONS LTDA                              ;3;PB;136
202312;SANTANDER BRASIL ADM CONS LTDA                              ;4;PB;24
202312;SANTANDER BRASIL ADM CONS LTDA                              ;5;PB;0
202312;SANTANDER BRASIL ADM CONS LTDA                              ;6;PB;0
202312;SANTANDER BRASIL ADM CONS LTDA                              ;1;PE;256
202312;SANTANDER BRASIL ADM CONS LTDA                              ;2;PE;2
202312;SANTANDER BRASIL ADM CONS LTDA                              ;3;PE;409
202312;SANTANDER BRASIL ADM CONS LTDA                              ;4;PE;47
202312;SANTANDER BRASIL ADM CONS LTDA                              ;5;PE;0
202312;SANTANDER BRASIL ADM CONS LTDA                              ;6;PE;0
202312;SANTANDER BRASIL ADM CONS LTDA                              ;1;PI;77
202312;SANTANDER BRASIL ADM CONS LTDA                              ;2;PI;0
202312;SANTANDER BRASIL ADM CONS LTDA                              ;3;PI;269
202312;SANTANDER BRASIL ADM CONS LTDA                              ;4;PI;9
202312;SANTANDER BRASIL ADM CONS LTDA                              ;5;PI;0
202312;SANTANDER BRASIL ADM CONS LTDA                              ;6;PI;0
202312;SANTANDER BRASIL ADM CONS LTDA                              ;1;PR;1010
202312;SANTANDER BRASIL ADM CONS LTDA                              ;2;PR;19
202312;SANTANDER BRASIL ADM CONS LTDA                              ;3;PR;642
202312;SANTANDER BRASIL ADM CONS LTDA                              ;4;PR;40
202312;SANTANDER BRASIL ADM CONS LTDA                              ;5;PR;0
202312;SANTANDER BRASIL ADM CONS LTDA                              ;6;PR;0
202312;SANTANDER BRASIL ADM CONS LTDA                              ;1;RJ;1942
202312;SANTANDER BRASIL ADM CONS LTDA                              ;2;RJ;20
202312;SANTANDER BRASIL ADM CONS LTDA                              ;3;RJ;820
202312;SANTANDER BRASIL ADM CONS LTDA                              ;4;RJ;89
202312;SANTANDER BRASIL ADM CONS LTDA                              ;5;RJ;0
202312;SANTANDER BRASIL ADM CONS LTDA                              ;6;RJ;0
202312;SANTANDER BRASIL ADM CONS LTDA                              ;1;RN;55
202312;SANTANDER BRASIL ADM CONS LTDA                              ;2;RN;2
202312;SANTANDER BRASIL ADM CONS LTDA                              ;3;RN;117
202312;SANTANDER BRASIL ADM CONS LTDA                              ;4;RN;39
202312;SANTANDER BRASIL ADM CONS LTDA                              ;5;RN;0
202312;SANTANDER BRASIL ADM CONS LTDA                              ;6;RN;0
202312;SANTANDER BRASIL ADM CONS LTDA                              ;1;RO;40
202312;SANTANDER BRASIL ADM CONS LTDA                              ;2;RO;0
202312;SANTANDER BRASIL ADM CONS LTDA                              ;3;RO;41
202312;SANTANDER BRASIL ADM CONS LTDA                              ;4;RO;4
202312;SANTANDER BRASIL ADM CONS LTDA                              ;5;RO;0
202312;SANTANDER BRASIL ADM CONS LTDA                              ;6;RO;0
202312;SANTANDER BRASIL ADM CONS LTDA                              ;1;RR;22
202312;SANTANDER BRASIL ADM CONS LTDA                              ;2;RR;0
202312;SANTANDER BRASIL ADM CONS LTDA                              ;3;RR;15
202312;SANTANDER BRASIL ADM CONS LTDA                              ;4;RR;3
202312;SANTANDER BRASIL ADM CONS LTDA                              ;5;RR;0
202312;SANTANDER BRASIL ADM CONS LTDA                              ;6;RR;0
202312;SANTANDER BRASIL ADM CONS LTDA                              ;1;RS;565
202312;SANTANDER BRASIL ADM CONS LTDA                              ;2;RS;0
202312;SANTANDER BRASIL ADM CONS LTDA                              ;3;RS;500
202312;SANTANDER BRASIL ADM CONS LTDA                              ;4;RS;44
202312;SANTANDER BRASIL ADM CONS LTDA                              ;5;RS;0
202312;SANTANDER BRASIL ADM CONS LTDA                              ;6;RS;0
202312;SANTANDER BRASIL ADM CONS LTDA                              ;1;SC;498
202312;SANTANDER BRASIL ADM CONS LTDA                              ;2;SC;18
202312;SANTANDER BRASIL ADM CONS LTDA                              ;3;SC;897
202312;SANTANDER BRASIL ADM CONS LTDA                              ;4;SC;61
202312;SANTANDER BRASIL ADM CONS LTDA                              ;5;SC;0
202312;SANTANDER BRASIL ADM CONS LTDA                              ;6;SC;0
202312;SANTANDER BRASIL ADM CONS LTDA                              ;1;SE;47
202312;SANTANDER BRASIL ADM CONS LTDA                              ;2;SE;0
202312;SANTANDER BRASIL ADM CONS LTDA                              ;3;SE;74
202312;SANTANDER BRASIL ADM CONS LTDA                              ;4;SE;9
202312;SANTANDER BRASIL ADM CONS LTDA                              ;5;SE;0
202312;SANTANDER BRASIL ADM CONS LTDA                              ;6;SE;0
202312;SANTANDER BRASIL ADM CONS LTDA                              ;1;SP;7305
202312;SANTANDER BRASIL ADM CONS LTDA                              ;2;SP;45
202312;SANTANDER BRASIL ADM CONS LTDA                              ;3;SP;4970
202312;SANTANDER BRASIL ADM CONS LTDA                              ;4;SP;575
202312;SANTANDER BRASIL ADM CONS LTDA                              ;5;SP;0
202312;SANTANDER BRASIL ADM CONS LTDA                              ;6;SP;0
202312;SANTANDER BRASIL ADM CONS LTDA                              ;1;TO;60
202312;SANTANDER BRASIL ADM CONS LTDA                              ;2;TO;18
202312;SANTANDER BRASIL ADM CONS LTDA                              ;3;TO;540
202312;SANTANDER BRASIL ADM CONS LTDA                              ;4;TO;6
202312;SANTANDER BRASIL ADM CONS LTDA                              ;5;TO;0
202312;SANTANDER BRASIL ADM CONS LTDA                              ;6;TO;0
202312;VALTRA ADM CONS LTDA                                        ;2;AC;0
202312;VALTRA ADM CONS LTDA                                        ;2;AL;1
202312;VALTRA ADM CONS LTDA                                        ;2;AM;0
202312;VALTRA ADM CONS LTDA                                        ;2;AP;0
202312;VALTRA ADM CONS LTDA                                        ;2;BA;8
202312;VALTRA ADM CONS LTDA                                        ;2;CE;7
202312;VALTRA ADM CONS LTDA                                        ;2;DF;0
202312;VALTRA ADM CONS LTDA                                        ;2;ES;3
202312;VALTRA ADM CONS LTDA                                        ;2;GO;45
202312;VALTRA ADM CONS LTDA                                        ;2;MA;7
202312;VALTRA ADM CONS LTDA                                        ;2;MG;102
202312;VALTRA ADM CONS LTDA                                        ;2;MS;4
202312;VALTRA ADM CONS LTDA                                        ;2;MT;11
202312;VALTRA ADM CONS LTDA                                        ;2;PA;11
202312;VALTRA ADM CONS LTDA                                        ;2;PB;4
202312;VALTRA ADM CONS LTDA                                        ;2;PE;4
202312;VALTRA ADM CONS LTDA                                        ;2;PI;1
202312;VALTRA ADM CONS LTDA                                        ;2;PR;28
202312;VALTRA ADM CONS LTDA                                        ;2;RJ;0
202312;VALTRA ADM CONS LTDA                                        ;2;RN;16
202312;VALTRA ADM CONS LTDA                                        ;2;RO;0
202312;VALTRA ADM CONS LTDA                                        ;2;RR;0
202312;VALTRA ADM CONS LTDA                                        ;2;RS;83
202312;VALTRA ADM CONS LTDA                                        ;2;SC;40
202312;VALTRA ADM CONS LTDA                                        ;2;SE;0
202312;VALTRA ADM CONS LTDA                                        ;2;SP;109
202312;VALTRA ADM CONS LTDA                                        ;2;TO;4
202312;SUZUKI MOTOS ADM. CONS. LTDA                                ;4;AC;0
202312;SUZUKI MOTOS ADM. CONS. LTDA                                ;4;AL;3
202312;SUZUKI MOTOS ADM. CONS. LTDA                                ;4;AM;3
202312;SUZUKI MOTOS ADM. CONS. LTDA                                ;4;BA;39
202312;SUZUKI MOTOS ADM. CONS. LTDA                                ;4;CE;0
202312;SUZUKI MOTOS ADM. CONS. LTDA                                ;4;DF;0
202312;SUZUKI MOTOS ADM. CONS. LTDA                                ;4;ES;1
202312;SUZUKI MOTOS ADM. CONS. LTDA                                ;4;GO;2
202312;SUZUKI MOTOS ADM. CONS. LTDA                                ;4;MA;378
202312;SUZUKI MOTOS ADM. CONS. LTDA                                ;4;MG;10
202312;SUZUKI MOTOS ADM. CONS. LTDA                                ;4;MS;3
202312;SUZUKI MOTOS ADM. CONS. LTDA                                ;4;MT;21
202312;SUZUKI MOTOS ADM. CONS. LTDA                                ;4;PA;95
202312;SUZUKI MOTOS ADM. CONS. LTDA                                ;4;PB;3
202312;SUZUKI MOTOS ADM. CONS. LTDA                                ;4;PE;0
202312;SUZUKI MOTOS ADM. CONS. LTDA                                ;4;PI;1
202312;SUZUKI MOTOS ADM. CONS. LTDA                                ;4;PR;10
202312;SUZUKI MOTOS ADM. CONS. LTDA                                ;4;RJ;7
202312;SUZUKI MOTOS ADM. CONS. LTDA                                ;4;RN;3
202312;SUZUKI MOTOS ADM. CONS. LTDA                                ;4;RO;3
202312;SUZUKI MOTOS ADM. CONS. LTDA                                ;4;RR;0
202312;SUZUKI MOTOS ADM. CONS. LTDA                                ;4;RS;5
202312;SUZUKI MOTOS ADM. CONS. LTDA                                ;4;SC;1
202312;SUZUKI MOTOS ADM. CONS. LTDA                                ;4;SE;1
202312;SUZUKI MOTOS ADM. CONS. LTDA                                ;4;SP;22
202312;SUZUKI MOTOS ADM. CONS. LTDA                                ;4;TO;1
202312;EMBRACON ADM CONS LTDA                                      ;1;AC;5
202312;EMBRACON ADM CONS LTDA                                      ;2;AC;4
202312;EMBRACON ADM CONS LTDA                                      ;3;AC;16
202312;EMBRACON ADM CONS LTDA                                      ;4;AC;10
202312;EMBRACON ADM CONS LTDA                                      ;6;AC;1
202312;EMBRACON ADM CONS LTDA                                      ;1;AL;54
202312;EMBRACON ADM CONS LTDA                                      ;2;AL;3
202312;EMBRACON ADM CONS LTDA                                      ;3;AL;92
202312;EMBRACON ADM CONS LTDA                                      ;4;AL;8
202312;EMBRACON ADM CONS LTDA                                      ;6;AL;1
202312;EMBRACON ADM CONS LTDA                                      ;1;AM;58
202312;EMBRACON ADM CONS LTDA                                      ;2;AM;1
202312;EMBRACON ADM CONS LTDA                                      ;3;AM;8
202312;EMBRACON ADM CONS LTDA                                      ;4;AM;6
202312;EMBRACON ADM CONS LTDA                                      ;6;AM;0
202312;EMBRACON ADM CONS LTDA                                      ;1;AP;0
202312;EMBRACON ADM CONS LTDA                                      ;2;AP;0
202312;EMBRACON ADM CONS LTDA                                      ;3;AP;3
202312;EMBRACON ADM CONS LTDA                                      ;4;AP;0
202312;EMBRACON ADM CONS LTDA                                      ;6;AP;0
202312;EMBRACON ADM CONS LTDA                                      ;1;BA;612
202312;EMBRACON ADM CONS LTDA                                      ;2;BA;44
202312;EMBRACON ADM CONS LTDA                                      ;3;BA;484
202312;EMBRACON ADM CONS LTDA                                      ;4;BA;78
202312;EMBRACON ADM CONS LTDA                                      ;6;BA;11
202312;EMBRACON ADM CONS LTDA                                      ;1;CE;490
202312;EMBRACON ADM CONS LTDA                                      ;2;CE;28
202312;EMBRACON ADM CONS LTDA                                      ;3;CE;800
202312;EMBRACON ADM CONS LTDA                                      ;4;CE;251
202312;EMBRACON ADM CONS LTDA                                      ;6;CE;4
202312;EMBRACON ADM CONS LTDA                                      ;1;DF;171
202312;EMBRACON ADM CONS LTDA                                      ;2;DF;4
202312;EMBRACON ADM CONS LTDA                                      ;3;DF;135
202312;EMBRACON ADM CONS LTDA                                      ;4;DF;3
202312;EMBRACON ADM CONS LTDA                                      ;6;DF;0
202312;EMBRACON ADM CONS LTDA                                      ;1;ES;532
202312;EMBRACON ADM CONS LTDA                                      ;2;ES;24
202312;EMBRACON ADM CONS LTDA                                      ;3;ES;554
202312;EMBRACON ADM CONS LTDA                                      ;4;ES;108
202312;EMBRACON ADM CONS LTDA                                      ;6;ES;16
202312;EMBRACON ADM CONS LTDA                                      ;1;GO;559
202312;EMBRACON ADM CONS LTDA                                      ;2;GO;49
202312;EMBRACON ADM CONS LTDA                                      ;3;GO;439
202312;EMBRACON ADM CONS LTDA                                      ;4;GO;29
202312;EMBRACON ADM CONS LTDA                                      ;6;GO;13
202312;EMBRACON ADM CONS LTDA                                      ;1;MA;41
202312;EMBRACON ADM CONS LTDA                                      ;2;MA;5
202312;EMBRACON ADM CONS LTDA                                      ;3;MA;31
202312;EMBRACON ADM CONS LTDA                                      ;4;MA;2
202312;EMBRACON ADM CONS LTDA                                      ;6;MA;0
202312;EMBRACON ADM CONS LTDA                                      ;1;MG;1380
202312;EMBRACON ADM CONS LTDA                                      ;2;MG;56
202312;EMBRACON ADM CONS LTDA                                      ;3;MG;978
202312;EMBRACON ADM CONS LTDA                                      ;4;MG;176
202312;EMBRACON ADM CONS LTDA                                      ;6;MG;42
202312;EMBRACON ADM CONS LTDA                                      ;1;MS;198
202312;EMBRACON ADM CONS LTDA                                      ;2;MS;45
202312;EMBRACON ADM CONS LTDA                                      ;3;MS;124
202312;EMBRACON ADM CONS LTDA                                      ;4;MS;4
202312;EMBRACON ADM CONS LTDA                                      ;6;MS;14
202312;EMBRACON ADM CONS LTDA                                      ;1;MT;303
202312;EMBRACON ADM CONS LTDA                                      ;2;MT;39
202312;EMBRACON ADM CONS LTDA                                      ;3;MT;228
202312;EMBRACON ADM CONS LTDA                                      ;4;MT;49
202312;EMBRACON ADM CONS LTDA                                      ;6;MT;6
202312;EMBRACON ADM CONS LTDA                                      ;1;PA;170
202312;EMBRACON ADM CONS LTDA                                      ;2;PA;27
202312;EMBRACON ADM CONS LTDA                                      ;3;PA;163
202312;EMBRACON ADM CONS LTDA                                      ;4;PA;21
202312;EMBRACON ADM CONS LTDA                                      ;6;PA;7
202312;EMBRACON ADM CONS LTDA                                      ;1;PB;446
202312;EMBRACON ADM CONS LTDA                                      ;2;PB;12
202312;EMBRACON ADM CONS LTDA                                      ;3;PB;495
202312;EMBRACON ADM CONS LTDA                                      ;4;PB;60
202312;EMBRACON ADM CONS LTDA                                      ;6;PB;8
202312;EMBRACON ADM CONS LTDA                                      ;1;PE;503
202312;EMBRACON ADM CONS LTDA                                      ;2;PE;3
202312;EMBRACON ADM CONS LTDA                                      ;3;PE;474
202312;EMBRACON ADM CONS LTDA                                      ;4;PE;37
202312;EMBRACON ADM CONS LTDA                                      ;6;PE;4
202312;EMBRACON ADM CONS LTDA                                      ;1;PI;50
202312;EMBRACON ADM CONS LTDA                                      ;2;PI;6
202312;EMBRACON ADM CONS LTDA                                      ;3;PI;47
202312;EMBRACON ADM CONS LTDA                                      ;4;PI;4
202312;EMBRACON ADM CONS LTDA                                      ;6;PI;1
202312;EMBRACON ADM CONS LTDA                                      ;1;PR;1140
202312;EMBRACON ADM CONS LTDA                                      ;2;PR;85
202312;EMBRACON ADM CONS LTDA                                      ;3;PR;884
202312;EMBRACON ADM CONS LTDA                                      ;4;PR;187
202312;EMBRACON ADM CONS LTDA                                      ;6;PR;105
202312;EMBRACON ADM CONS LTDA                                      ;1;RJ;363
202312;EMBRACON ADM CONS LTDA                                      ;2;RJ;10
202312;EMBRACON ADM CONS LTDA                                      ;3;RJ;227
202312;EMBRACON ADM CONS LTDA                                      ;4;RJ;35
202312;EMBRACON ADM CONS LTDA                                      ;6;RJ;5
202312;EMBRACON ADM CONS LTDA                                      ;1;RN;153
202312;EMBRACON ADM CONS LTDA                                      ;2;RN;5
202312;EMBRACON ADM CONS LTDA                                      ;3;RN;171
202312;EMBRACON ADM CONS LTDA                                      ;4;RN;27
202312;EMBRACON ADM CONS LTDA                                      ;6;RN;6
202312;EMBRACON ADM CONS LTDA                                      ;1;RO;98
202312;EMBRACON ADM CONS LTDA                                      ;2;RO;11
202312;EMBRACON ADM CONS LTDA                                      ;3;RO;143
202312;EMBRACON ADM CONS LTDA                                      ;4;RO;87
202312;EMBRACON ADM CONS LTDA                                      ;6;RO;21
202312;EMBRACON ADM CONS LTDA                                      ;1;RR;5
202312;EMBRACON ADM CONS LTDA                                      ;2;RR;2
202312;EMBRACON ADM CONS LTDA                                      ;3;RR;2
202312;EMBRACON ADM CONS LTDA                                      ;4;RR;0
202312;EMBRACON ADM CONS LTDA                                      ;1;RS;694
202312;EMBRACON ADM CONS LTDA                                      ;2;RS;111
202312;EMBRACON ADM CONS LTDA                                      ;3;RS;606
202312;EMBRACON ADM CONS LTDA                                      ;4;RS;127
202312;EMBRACON ADM CONS LTDA                                      ;6;RS;52
202312;EMBRACON ADM CONS LTDA                                      ;1;SC;1060
202312;EMBRACON ADM CONS LTDA                                      ;2;SC;98
202312;EMBRACON ADM CONS LTDA                                      ;3;SC;509
202312;EMBRACON ADM CONS LTDA                                      ;4;SC;69
202312;EMBRACON ADM CONS LTDA                                      ;6;SC;68
202312;EMBRACON ADM CONS LTDA                                      ;1;SE;180
202312;EMBRACON ADM CONS LTDA                                      ;2;SE;4
202312;EMBRACON ADM CONS LTDA                                      ;3;SE;135
202312;EMBRACON ADM CONS LTDA                                      ;4;SE;18
202312;EMBRACON ADM CONS LTDA                                      ;6;SE;0
202312;EMBRACON ADM CONS LTDA                                      ;1;SP;5357
202312;EMBRACON ADM CONS LTDA                                      ;2;SP;136
202312;EMBRACON ADM CONS LTDA                                      ;3;SP;2308
202312;EMBRACON ADM CONS LTDA                                      ;4;SP;255
202312;EMBRACON ADM CONS LTDA                                      ;6;SP;75
202312;EMBRACON ADM CONS LTDA                                      ;1;TO;38
202312;EMBRACON ADM CONS LTDA                                      ;2;TO;2
202312;EMBRACON ADM CONS LTDA                                      ;3;TO;27
202312;EMBRACON ADM CONS LTDA                                      ;4;TO;0
202312;EMBRACON ADM CONS LTDA                                      ;6;TO;3
202312;CONVEF ADM CONS LTDA.                                       ;1;AC;0
202312;CONVEF ADM CONS LTDA.                                       ;3;AC;0
202312;CONVEF ADM CONS LTDA.                                       ;1;AL;0
202312;CONVEF ADM CONS LTDA.                                       ;3;AL;1
202312;CONVEF ADM CONS LTDA.                                       ;4;AL;0
202312;CONVEF ADM CONS LTDA.                                       ;1;AM;0
202312;CONVEF ADM CONS LTDA.                                       ;2;AM;0
202312;CONVEF ADM CONS LTDA.                                       ;3;AM;0
202312;CONVEF ADM CONS LTDA.                                       ;1;AP;0
202312;CONVEF ADM CONS LTDA.                                       ;2;AP;0
202312;CONVEF ADM CONS LTDA.                                       ;3;AP;0
202312;CONVEF ADM CONS LTDA.                                       ;1;BA;0
202312;CONVEF ADM CONS LTDA.                                       ;2;BA;0
202312;CONVEF ADM CONS LTDA.                                       ;3;BA;16
202312;CONVEF ADM CONS LTDA.                                       ;4;BA;0
202312;CONVEF ADM CONS LTDA.                                       ;1;CE;0
202312;CONVEF ADM CONS LTDA.                                       ;2;CE;0
202312;CONVEF ADM CONS LTDA.                                       ;3;CE;3
202312;CONVEF ADM CONS LTDA.                                       ;4;CE;0
202312;CONVEF ADM CONS LTDA.                                       ;1;DF;0
202312;CONVEF ADM CONS LTDA.                                       ;2;DF;0
202312;CONVEF ADM CONS LTDA.                                       ;3;DF;2
202312;CONVEF ADM CONS LTDA.                                       ;4;DF;0
202312;CONVEF ADM CONS LTDA.                                       ;1;ES;1
202312;CONVEF ADM CONS LTDA.                                       ;2;ES;0
202312;CONVEF ADM CONS LTDA.                                       ;3;ES;1
202312;CONVEF ADM CONS LTDA.                                       ;4;ES;0
202312;CONVEF ADM CONS LTDA.                                       ;1;GO;0
202312;CONVEF ADM CONS LTDA.                                       ;2;GO;0
202312;CONVEF ADM CONS LTDA.                                       ;3;GO;1
202312;CONVEF ADM CONS LTDA.                                       ;4;GO;0
202312;CONVEF ADM CONS LTDA.                                       ;1;MA;0
202312;CONVEF ADM CONS LTDA.                                       ;2;MA;0
202312;CONVEF ADM CONS LTDA.                                       ;3;MA;0
202312;CONVEF ADM CONS LTDA.                                       ;1;MG;29
202312;CONVEF ADM CONS LTDA.                                       ;2;MG;0
202312;CONVEF ADM CONS LTDA.                                       ;3;MG;101
202312;CONVEF ADM CONS LTDA.                                       ;4;MG;0
202312;CONVEF ADM CONS LTDA.                                       ;1;MS;0
202312;CONVEF ADM CONS LTDA.                                       ;2;MS;0
202312;CONVEF ADM CONS LTDA.                                       ;3;MS;5
202312;CONVEF ADM CONS LTDA.                                       ;1;MT;0
202312;CONVEF ADM CONS LTDA.                                       ;2;MT;0
202312;CONVEF ADM CONS LTDA.                                       ;3;MT;0
202312;CONVEF ADM CONS LTDA.                                       ;4;MT;0
202312;CONVEF ADM CONS LTDA.                                       ;1;PA;1
202312;CONVEF ADM CONS LTDA.                                       ;2;PA;0
202312;CONVEF ADM CONS LTDA.                                       ;3;PA;7
202312;CONVEF ADM CONS LTDA.                                       ;1;PB;0
202312;CONVEF ADM CONS LTDA.                                       ;2;PB;0
202312;CONVEF ADM CONS LTDA.                                       ;3;PB;2
202312;CONVEF ADM CONS LTDA.                                       ;4;PB;0
202312;CONVEF ADM CONS LTDA.                                       ;1;PE;0
202312;CONVEF ADM CONS LTDA.                                       ;2;PE;0
202312;CONVEF ADM CONS LTDA.                                       ;3;PE;16
202312;CONVEF ADM CONS LTDA.                                       ;4;PE;0
202312;CONVEF ADM CONS LTDA.                                       ;1;PI;0
202312;CONVEF ADM CONS LTDA.                                       ;2;PI;0
202312;CONVEF ADM CONS LTDA.                                       ;3;PI;0
202312;CONVEF ADM CONS LTDA.                                       ;4;PI;0
202312;CONVEF ADM CONS LTDA.                                       ;1;PR;0
202312;CONVEF ADM CONS LTDA.                                       ;2;PR;0
202312;CONVEF ADM CONS LTDA.                                       ;3;PR;5
202312;CONVEF ADM CONS LTDA.                                       ;1;RJ;2
202312;CONVEF ADM CONS LTDA.                                       ;2;RJ;0
202312;CONVEF ADM CONS LTDA.                                       ;3;RJ;19
202312;CONVEF ADM CONS LTDA.                                       ;4;RJ;0
202312;CONVEF ADM CONS LTDA.                                       ;1;RN;0
202312;CONVEF ADM CONS LTDA.                                       ;2;RN;0
202312;CONVEF ADM CONS LTDA.                                       ;3;RN;0
202312;CONVEF ADM CONS LTDA.                                       ;1;RO;0
202312;CONVEF ADM CONS LTDA.                                       ;3;RO;0
202312;CONVEF ADM CONS LTDA.                                       ;1;RR;0
202312;CONVEF ADM CONS LTDA.                                       ;3;RR;1
202312;CONVEF ADM CONS LTDA.                                       ;1;RS;2
202312;CONVEF ADM CONS LTDA.                                       ;2;RS;0
202312;CONVEF ADM CONS LTDA.                                       ;3;RS;48
202312;CONVEF ADM CONS LTDA.                                       ;4;RS;0
202312;CONVEF ADM CONS LTDA.                                       ;1;SC;0
202312;CONVEF ADM CONS LTDA.                                       ;2;SC;0
202312;CONVEF ADM CONS LTDA.                                       ;3;SC;0
202312;CONVEF ADM CONS LTDA.                                       ;1;SE;0
202312;CONVEF ADM CONS LTDA.                                       ;2;SE;0
202312;CONVEF ADM CONS LTDA.                                       ;3;SE;0
202312;CONVEF ADM CONS LTDA.                                       ;1;SP;21
202312;CONVEF ADM CONS LTDA.                                       ;2;SP;1
202312;CONVEF ADM CONS LTDA.                                       ;3;SP;114
202312;CONVEF ADM CONS LTDA.                                       ;4;SP;0
202312;CONVEF ADM CONS LTDA.                                       ;1;TO;0
202312;CONVEF ADM CONS LTDA.                                       ;2;TO;0
202312;CONVEF ADM CONS LTDA.                                       ;3;TO;0
202312;CNF CONS NAC LTDA                                           ;3;AC;10
202312;CNF CONS NAC LTDA                                           ;2;AL;0
202312;CNF CONS NAC LTDA                                           ;3;AL;0
202312;CNF CONS NAC LTDA                                           ;3;AM;1
202312;CNF CONS NAC LTDA                                           ;2;AP;0
202312;CNF CONS NAC LTDA                                           ;3;AP;0
202312;CNF CONS NAC LTDA                                           ;2;BA;0
202312;CNF CONS NAC LTDA                                           ;3;BA;17
202312;CNF CONS NAC LTDA                                           ;2;CE;0
202312;CNF CONS NAC LTDA                                           ;3;CE;2
202312;CNF CONS NAC LTDA                                           ;2;DF;0
202312;CNF CONS NAC LTDA                                           ;3;DF;31
202312;CNF CONS NAC LTDA                                           ;2;ES;0
202312;CNF CONS NAC LTDA                                           ;3;ES;3
202312;CNF CONS NAC LTDA                                           ;2;GO;0
202312;CNF CONS NAC LTDA                                           ;3;GO;0
202312;CNF CONS NAC LTDA                                           ;2;MA;0
202312;CNF CONS NAC LTDA                                           ;3;MA;1
202312;CNF CONS NAC LTDA                                           ;2;MG;0
202312;CNF CONS NAC LTDA                                           ;3;MG;20
202312;CNF CONS NAC LTDA                                           ;2;MS;0
202312;CNF CONS NAC LTDA                                           ;3;MS;0
202312;CNF CONS NAC LTDA                                           ;2;MT;0
202312;CNF CONS NAC LTDA                                           ;3;MT;13
202312;CNF CONS NAC LTDA                                           ;2;PA;0
202312;CNF CONS NAC LTDA                                           ;3;PA;1
202312;CNF CONS NAC LTDA                                           ;2;PB;0
202312;CNF CONS NAC LTDA                                           ;3;PB;0
202312;CNF CONS NAC LTDA                                           ;2;PE;0
202312;CNF CONS NAC LTDA                                           ;3;PE;19
202312;CNF CONS NAC LTDA                                           ;2;PI;0
202312;CNF CONS NAC LTDA                                           ;3;PI;0
202312;CNF CONS NAC LTDA                                           ;2;PR;0
202312;CNF CONS NAC LTDA                                           ;3;PR;1
202312;CNF CONS NAC LTDA                                           ;2;RJ;0
202312;CNF CONS NAC LTDA                                           ;3;RJ;11
202312;CNF CONS NAC LTDA                                           ;2;RN;0
202312;CNF CONS NAC LTDA                                           ;3;RN;0
202312;CNF CONS NAC LTDA                                           ;2;RO;0
202312;CNF CONS NAC LTDA                                           ;3;RO;0
202312;CNF CONS NAC LTDA                                           ;3;RR;0
202312;CNF CONS NAC LTDA                                           ;2;RS;0
202312;CNF CONS NAC LTDA                                           ;3;RS;17
202312;CNF CONS NAC LTDA                                           ;3;SC;3
202312;CNF CONS NAC LTDA                                           ;3;SE;1
202312;CNF CONS NAC LTDA                                           ;2;SP;0
202312;CNF CONS NAC LTDA                                           ;3;SP;6
202312;CNF CONS NAC LTDA                                           ;2;TO;0
202312;CNF CONS NAC LTDA                                           ;3;TO;1
202312;DISAL  ADM CONS LTDA                                        ;3;AC;486
202312;DISAL  ADM CONS LTDA                                        ;4;AC;2
202312;DISAL  ADM CONS LTDA                                        ;3;AL;172
202312;DISAL  ADM CONS LTDA                                        ;4;AL;0
202312;DISAL  ADM CONS LTDA                                        ;3;AM;265
202312;DISAL  ADM CONS LTDA                                        ;4;AM;0
202312;DISAL  ADM CONS LTDA                                        ;3;AP;76
202312;DISAL  ADM CONS LTDA                                        ;4;AP;0
202312;DISAL  ADM CONS LTDA                                        ;1;BA;0
202312;DISAL  ADM CONS LTDA                                        ;3;BA;1897
202312;DISAL  ADM CONS LTDA                                        ;4;BA;0
202312;DISAL  ADM CONS LTDA                                        ;3;CE;1499
202312;DISAL  ADM CONS LTDA                                        ;4;CE;0
202312;DISAL  ADM CONS LTDA                                        ;1;DF;0
202312;DISAL  ADM CONS LTDA                                        ;3;DF;135
202312;DISAL  ADM CONS LTDA                                        ;4;DF;0
202312;DISAL  ADM CONS LTDA                                        ;1;ES;0
202312;DISAL  ADM CONS LTDA                                        ;3;ES;674
202312;DISAL  ADM CONS LTDA                                        ;4;ES;0
202312;DISAL  ADM CONS LTDA                                        ;1;GO;0
202312;DISAL  ADM CONS LTDA                                        ;3;GO;756
202312;DISAL  ADM CONS LTDA                                        ;4;GO;0
202312;DISAL  ADM CONS LTDA                                        ;1;MA;0
202312;DISAL  ADM CONS LTDA                                        ;3;MA;521
202312;DISAL  ADM CONS LTDA                                        ;4;MA;0
202312;DISAL  ADM CONS LTDA                                        ;1;MG;0
202312;DISAL  ADM CONS LTDA                                        ;3;MG;1166
202312;DISAL  ADM CONS LTDA                                        ;4;MG;0
202312;DISAL  ADM CONS LTDA                                        ;1;MS;0
202312;DISAL  ADM CONS LTDA                                        ;3;MS;102
202312;DISAL  ADM CONS LTDA                                        ;4;MS;0
202312;DISAL  ADM CONS LTDA                                        ;1;MT;0
202312;DISAL  ADM CONS LTDA                                        ;3;MT;506
202312;DISAL  ADM CONS LTDA                                        ;4;MT;0
202312;DISAL  ADM CONS LTDA                                        ;3;PA;241
202312;DISAL  ADM CONS LTDA                                        ;4;PA;0
202312;DISAL  ADM CONS LTDA                                        ;3;PB;335
202312;DISAL  ADM CONS LTDA                                        ;4;PB;0
202312;DISAL  ADM CONS LTDA                                        ;1;PE;0
202312;DISAL  ADM CONS LTDA                                        ;3;PE;1014
202312;DISAL  ADM CONS LTDA                                        ;4;PE;0
202312;DISAL  ADM CONS LTDA                                        ;1;PI;0
202312;DISAL  ADM CONS LTDA                                        ;3;PI;382
202312;DISAL  ADM CONS LTDA                                        ;4;PI;0
202312;DISAL  ADM CONS LTDA                                        ;1;PR;0
202312;DISAL  ADM CONS LTDA                                        ;3;PR;83
202312;DISAL  ADM CONS LTDA                                        ;4;PR;0
202312;DISAL  ADM CONS LTDA                                        ;1;RJ;0
202312;DISAL  ADM CONS LTDA                                        ;3;RJ;580
202312;DISAL  ADM CONS LTDA                                        ;4;RJ;0
202312;DISAL  ADM CONS LTDA                                        ;3;RN;220
202312;DISAL  ADM CONS LTDA                                        ;4;RN;0
202312;DISAL  ADM CONS LTDA                                        ;3;RO;104
202312;DISAL  ADM CONS LTDA                                        ;4;RO;0
202312;DISAL  ADM CONS LTDA                                        ;3;RR;26
202312;DISAL  ADM CONS LTDA                                        ;4;RR;0
202312;DISAL  ADM CONS LTDA                                        ;1;RS;0
202312;DISAL  ADM CONS LTDA                                        ;3;RS;63
202312;DISAL  ADM CONS LTDA                                        ;4;RS;0
202312;DISAL  ADM CONS LTDA                                        ;1;SC;0
202312;DISAL  ADM CONS LTDA                                        ;3;SC;101
202312;DISAL  ADM CONS LTDA                                        ;4;SC;0
202312;DISAL  ADM CONS LTDA                                        ;3;SE;204
202312;DISAL  ADM CONS LTDA                                        ;4;SE;0
202312;DISAL  ADM CONS LTDA                                        ;1;SP;0
202312;DISAL  ADM CONS LTDA                                        ;3;SP;1643
202312;DISAL  ADM CONS LTDA                                        ;4;SP;0
202312;DISAL  ADM CONS LTDA                                        ;1;TO;0
202312;DISAL  ADM CONS LTDA                                        ;3;TO;73
202312;DISAL  ADM CONS LTDA                                        ;4;TO;0
202312;TRADIÇÃO ADM CONS. LTDA.                                    ;1;AC;0
202312;TRADIÇÃO ADM CONS. LTDA.                                    ;2;AC;0
202312;TRADIÇÃO ADM CONS. LTDA.                                    ;3;AC;0
202312;TRADIÇÃO ADM CONS. LTDA.                                    ;1;AL;7
202312;TRADIÇÃO ADM CONS. LTDA.                                    ;2;AL;1
202312;TRADIÇÃO ADM CONS. LTDA.                                    ;3;AL;955
202312;TRADIÇÃO ADM CONS. LTDA.                                    ;1;AM;0
202312;TRADIÇÃO ADM CONS. LTDA.                                    ;2;AM;0
202312;TRADIÇÃO ADM CONS. LTDA.                                    ;3;AM;0
202312;TRADIÇÃO ADM CONS. LTDA.                                    ;1;AP;0
202312;TRADIÇÃO ADM CONS. LTDA.                                    ;2;AP;0
202312;TRADIÇÃO ADM CONS. LTDA.                                    ;3;AP;0
202312;TRADIÇÃO ADM CONS. LTDA.                                    ;4;AP;1
202312;TRADIÇÃO ADM CONS. LTDA.                                    ;1;BA;2
202312;TRADIÇÃO ADM CONS. LTDA.                                    ;2;BA;3
202312;TRADIÇÃO ADM CONS. LTDA.                                    ;3;BA;81
202312;TRADIÇÃO ADM CONS. LTDA.                                    ;4;BA;1
202312;TRADIÇÃO ADM CONS. LTDA.                                    ;1;CE;0
202312;TRADIÇÃO ADM CONS. LTDA.                                    ;2;CE;1
202312;TRADIÇÃO ADM CONS. LTDA.                                    ;3;CE;13
202312;TRADIÇÃO ADM CONS. LTDA.                                    ;4;CE;0
202312;TRADIÇÃO ADM CONS. LTDA.                                    ;1;DF;0
202312;TRADIÇÃO ADM CONS. LTDA.                                    ;2;DF;0
202312;TRADIÇÃO ADM CONS. LTDA.                                    ;3;DF;6
202312;TRADIÇÃO ADM CONS. LTDA.                                    ;1;ES;0
202312;TRADIÇÃO ADM CONS. LTDA.                                    ;2;ES;0
202312;TRADIÇÃO ADM CONS. LTDA.                                    ;3;ES;32
202312;TRADIÇÃO ADM CONS. LTDA.                                    ;4;ES;0
202312;TRADIÇÃO ADM CONS. LTDA.                                    ;1;GO;2
202312;TRADIÇÃO ADM CONS. LTDA.                                    ;2;GO;0
202312;TRADIÇÃO ADM CONS. LTDA.                                    ;3;GO;32
202312;TRADIÇÃO ADM CONS. LTDA.                                    ;1;MA;14
202312;TRADIÇÃO ADM CONS. LTDA.                                    ;2;MA;0
202312;TRADIÇÃO ADM CONS. LTDA.                                    ;3;MA;13
202312;TRADIÇÃO ADM CONS. LTDA.                                    ;4;MA;0
202312;TRADIÇÃO ADM CONS. LTDA.                                    ;1;MG;50
202312;TRADIÇÃO ADM CONS. LTDA.                                    ;2;MG;3
202312;TRADIÇÃO ADM CONS. LTDA.                                    ;3;MG;372
202312;TRADIÇÃO ADM CONS. LTDA.                                    ;4;MG;0
202312;TRADIÇÃO ADM CONS. LTDA.                                    ;1;MS;0
202312;TRADIÇÃO ADM CONS. LTDA.                                    ;2;MS;0
202312;TRADIÇÃO ADM CONS. LTDA.                                    ;3;MS;1072
202312;TRADIÇÃO ADM CONS. LTDA.                                    ;1;MT;0
202312;TRADIÇÃO ADM CONS. LTDA.                                    ;2;MT;0
202312;TRADIÇÃO ADM CONS. LTDA.                                    ;3;MT;63
202312;TRADIÇÃO ADM CONS. LTDA.                                    ;1;PA;343
202312;TRADIÇÃO ADM CONS. LTDA.                                    ;2;PA;17
202312;TRADIÇÃO ADM CONS. LTDA.                                    ;3;PA;205
202312;TRADIÇÃO ADM CONS. LTDA.                                    ;4;PA;52
202312;TRADIÇÃO ADM CONS. LTDA.                                    ;1;PB;2
202312;TRADIÇÃO ADM CONS. LTDA.                                    ;2;PB;0
202312;TRADIÇÃO ADM CONS. LTDA.                                    ;3;PB;22
202312;TRADIÇÃO ADM CONS. LTDA.                                    ;4;PB;1
202312;TRADIÇÃO ADM CONS. LTDA.                                    ;1;PE;2
202312;TRADIÇÃO ADM CONS. LTDA.                                    ;2;PE;4
202312;TRADIÇÃO ADM CONS. LTDA.                                    ;3;PE;261
202312;TRADIÇÃO ADM CONS. LTDA.                                    ;4;PE;1
202312;TRADIÇÃO ADM CONS. LTDA.                                    ;1;PI;0
202312;TRADIÇÃO ADM CONS. LTDA.                                    ;2;PI;0
202312;TRADIÇÃO ADM CONS. LTDA.                                    ;3;PI;5
202312;TRADIÇÃO ADM CONS. LTDA.                                    ;1;PR;0
202312;TRADIÇÃO ADM CONS. LTDA.                                    ;2;PR;0
202312;TRADIÇÃO ADM CONS. LTDA.                                    ;3;PR;34
202312;TRADIÇÃO ADM CONS. LTDA.                                    ;1;RJ;0
202312;TRADIÇÃO ADM CONS. LTDA.                                    ;2;RJ;0
202312;TRADIÇÃO ADM CONS. LTDA.                                    ;3;RJ;14
202312;TRADIÇÃO ADM CONS. LTDA.                                    ;1;RN;0
202312;TRADIÇÃO ADM CONS. LTDA.                                    ;2;RN;0
202312;TRADIÇÃO ADM CONS. LTDA.                                    ;3;RN;11
202312;TRADIÇÃO ADM CONS. LTDA.                                    ;1;RO;0
202312;TRADIÇÃO ADM CONS. LTDA.                                    ;2;RO;0
202312;TRADIÇÃO ADM CONS. LTDA.                                    ;3;RO;7
202312;TRADIÇÃO ADM CONS. LTDA.                                    ;1;RR;1
202312;TRADIÇÃO ADM CONS. LTDA.                                    ;2;RR;0
202312;TRADIÇÃO ADM CONS. LTDA.                                    ;3;RR;0
202312;TRADIÇÃO ADM CONS. LTDA.                                    ;1;RS;0
202312;TRADIÇÃO ADM CONS. LTDA.                                    ;2;RS;0
202312;TRADIÇÃO ADM CONS. LTDA.                                    ;3;RS;13
202312;TRADIÇÃO ADM CONS. LTDA.                                    ;1;SC;0
202312;TRADIÇÃO ADM CONS. LTDA.                                    ;2;SC;0
202312;TRADIÇÃO ADM CONS. LTDA.                                    ;3;SC;25
202312;TRADIÇÃO ADM CONS. LTDA.                                    ;1;SE;0
202312;TRADIÇÃO ADM CONS. LTDA.                                    ;2;SE;0
202312;TRADIÇÃO ADM CONS. LTDA.                                    ;3;SE;165
202312;TRADIÇÃO ADM CONS. LTDA.                                    ;1;SP;3
202312;TRADIÇÃO ADM CONS. LTDA.                                    ;2;SP;2
202312;TRADIÇÃO ADM CONS. LTDA.                                    ;3;SP;126
202312;TRADIÇÃO ADM CONS. LTDA.                                    ;4;SP;0
202312;TRADIÇÃO ADM CONS. LTDA.                                    ;1;TO;2
202312;TRADIÇÃO ADM CONS. LTDA.                                    ;2;TO;0
202312;TRADIÇÃO ADM CONS. LTDA.                                    ;3;TO;69
202312;ADM CONS NAC VIME LTDA                                      ;3;AL;0
202312;ADM CONS NAC VIME LTDA                                      ;3;BA;0
202312;ADM CONS NAC VIME LTDA                                      ;3;MG;31
202312;ADM CONS NAC VIME LTDA                                      ;3;RS;0
202312;ADM CONS NAC VIME LTDA                                      ;3;SP;21
202312;ADM CONS NAC VIME LTDA                                      ;3;TO;0
202312;LUIZA ADM. CONS. LTDA                                       ;1;AC;0
202312;LUIZA ADM. CONS. LTDA                                       ;3;AC;1
202312;LUIZA ADM. CONS. LTDA                                       ;4;AC;0
202312;LUIZA ADM. CONS. LTDA                                       ;6;AC;0
202312;LUIZA ADM. CONS. LTDA                                       ;1;AL;21
202312;LUIZA ADM. CONS. LTDA                                       ;2;AL;6
202312;LUIZA ADM. CONS. LTDA                                       ;3;AL;48
202312;LUIZA ADM. CONS. LTDA                                       ;4;AL;8
202312;LUIZA ADM. CONS. LTDA                                       ;5;AL;4
202312;LUIZA ADM. CONS. LTDA                                       ;6;AL;2
202312;LUIZA ADM. CONS. LTDA                                       ;1;AM;2
202312;LUIZA ADM. CONS. LTDA                                       ;2;AM;1
202312;LUIZA ADM. CONS. LTDA                                       ;3;AM;1
202312;LUIZA ADM. CONS. LTDA                                       ;4;AM;1
202312;LUIZA ADM. CONS. LTDA                                       ;5;AM;0
202312;LUIZA ADM. CONS. LTDA                                       ;6;AM;0
202312;LUIZA ADM. CONS. LTDA                                       ;1;AP;0
202312;LUIZA ADM. CONS. LTDA                                       ;2;AP;0
202312;LUIZA ADM. CONS. LTDA                                       ;3;AP;1
202312;LUIZA ADM. CONS. LTDA                                       ;4;AP;0
202312;LUIZA ADM. CONS. LTDA                                       ;5;AP;1
202312;LUIZA ADM. CONS. LTDA                                       ;6;AP;0
202312;LUIZA ADM. CONS. LTDA                                       ;1;BA;212
202312;LUIZA ADM. CONS. LTDA                                       ;2;BA;24
202312;LUIZA ADM. CONS. LTDA                                       ;3;BA;485
202312;LUIZA ADM. CONS. LTDA                                       ;4;BA;183
202312;LUIZA ADM. CONS. LTDA                                       ;5;BA;26
202312;LUIZA ADM. CONS. LTDA                                       ;6;BA;36
202312;LUIZA ADM. CONS. LTDA                                       ;1;CE;81
202312;LUIZA ADM. CONS. LTDA                                       ;2;CE;17
202312;LUIZA ADM. CONS. LTDA                                       ;3;CE;118
202312;LUIZA ADM. CONS. LTDA                                       ;4;CE;24
202312;LUIZA ADM. CONS. LTDA                                       ;5;CE;7
202312;LUIZA ADM. CONS. LTDA                                       ;6;CE;4
202312;LUIZA ADM. CONS. LTDA                                       ;1;DF;15
202312;LUIZA ADM. CONS. LTDA                                       ;2;DF;1
202312;LUIZA ADM. CONS. LTDA                                       ;3;DF;32
202312;LUIZA ADM. CONS. LTDA                                       ;4;DF;2
202312;LUIZA ADM. CONS. LTDA                                       ;5;DF;7
202312;LUIZA ADM. CONS. LTDA                                       ;6;DF;7
202312;LUIZA ADM. CONS. LTDA                                       ;1;ES;12
202312;LUIZA ADM. CONS. LTDA                                       ;2;ES;2
202312;LUIZA ADM. CONS. LTDA                                       ;3;ES;18
202312;LUIZA ADM. CONS. LTDA                                       ;4;ES;1
202312;LUIZA ADM. CONS. LTDA                                       ;5;ES;5
202312;LUIZA ADM. CONS. LTDA                                       ;6;ES;2
202312;LUIZA ADM. CONS. LTDA                                       ;1;GO;100
202312;LUIZA ADM. CONS. LTDA                                       ;2;GO;21
202312;LUIZA ADM. CONS. LTDA                                       ;3;GO;219
202312;LUIZA ADM. CONS. LTDA                                       ;4;GO;41
202312;LUIZA ADM. CONS. LTDA                                       ;5;GO;18
202312;LUIZA ADM. CONS. LTDA                                       ;6;GO;13
202312;LUIZA ADM. CONS. LTDA                                       ;1;MA;92
202312;LUIZA ADM. CONS. LTDA                                       ;2;MA;49
202312;LUIZA ADM. CONS. LTDA                                       ;3;MA;252
202312;LUIZA ADM. CONS. LTDA                                       ;4;MA;65
202312;LUIZA ADM. CONS. LTDA                                       ;5;MA;5
202312;LUIZA ADM. CONS. LTDA                                       ;6;MA;10
202312;LUIZA ADM. CONS. LTDA                                       ;1;MG;392
202312;LUIZA ADM. CONS. LTDA                                       ;2;MG;55
202312;LUIZA ADM. CONS. LTDA                                       ;3;MG;854
202312;LUIZA ADM. CONS. LTDA                                       ;4;MG;277
202312;LUIZA ADM. CONS. LTDA                                       ;5;MG;69
202312;LUIZA ADM. CONS. LTDA                                       ;6;MG;96
202312;LUIZA ADM. CONS. LTDA                                       ;1;MS;55
202312;LUIZA ADM. CONS. LTDA                                       ;2;MS;11
202312;LUIZA ADM. CONS. LTDA                                       ;3;MS;89
202312;LUIZA ADM. CONS. LTDA                                       ;4;MS;21
202312;LUIZA ADM. CONS. LTDA                                       ;5;MS;11
202312;LUIZA ADM. CONS. LTDA                                       ;6;MS;10
202312;LUIZA ADM. CONS. LTDA                                       ;1;MT;30
202312;LUIZA ADM. CONS. LTDA                                       ;2;MT;5
202312;LUIZA ADM. CONS. LTDA                                       ;3;MT;49
202312;LUIZA ADM. CONS. LTDA                                       ;4;MT;14
202312;LUIZA ADM. CONS. LTDA                                       ;5;MT;8
202312;LUIZA ADM. CONS. LTDA                                       ;6;MT;6
202312;LUIZA ADM. CONS. LTDA                                       ;1;PA;179
202312;LUIZA ADM. CONS. LTDA                                       ;2;PA;28
202312;LUIZA ADM. CONS. LTDA                                       ;3;PA;136
202312;LUIZA ADM. CONS. LTDA                                       ;4;PA;48
202312;LUIZA ADM. CONS. LTDA                                       ;5;PA;19
202312;LUIZA ADM. CONS. LTDA                                       ;6;PA;10
202312;LUIZA ADM. CONS. LTDA                                       ;1;PB;46
202312;LUIZA ADM. CONS. LTDA                                       ;2;PB;6
202312;LUIZA ADM. CONS. LTDA                                       ;3;PB;68
202312;LUIZA ADM. CONS. LTDA                                       ;4;PB;18
202312;LUIZA ADM. CONS. LTDA                                       ;5;PB;8
202312;LUIZA ADM. CONS. LTDA                                       ;6;PB;3
202312;LUIZA ADM. CONS. LTDA                                       ;1;PE;75
202312;LUIZA ADM. CONS. LTDA                                       ;2;PE;9
202312;LUIZA ADM. CONS. LTDA                                       ;3;PE;115
202312;LUIZA ADM. CONS. LTDA                                       ;4;PE;43
202312;LUIZA ADM. CONS. LTDA                                       ;5;PE;18
202312;LUIZA ADM. CONS. LTDA                                       ;6;PE;4
202312;LUIZA ADM. CONS. LTDA                                       ;1;PI;21
202312;LUIZA ADM. CONS. LTDA                                       ;2;PI;7
202312;LUIZA ADM. CONS. LTDA                                       ;3;PI;55
202312;LUIZA ADM. CONS. LTDA                                       ;4;PI;16
202312;LUIZA ADM. CONS. LTDA                                       ;5;PI;9
202312;LUIZA ADM. CONS. LTDA                                       ;6;PI;5
202312;LUIZA ADM. CONS. LTDA                                       ;1;PR;227
202312;LUIZA ADM. CONS. LTDA                                       ;2;PR;25
202312;LUIZA ADM. CONS. LTDA                                       ;3;PR;268
202312;LUIZA ADM. CONS. LTDA                                       ;4;PR;30
202312;LUIZA ADM. CONS. LTDA                                       ;5;PR;24
202312;LUIZA ADM. CONS. LTDA                                       ;6;PR;23
202312;LUIZA ADM. CONS. LTDA                                       ;1;RJ;116
202312;LUIZA ADM. CONS. LTDA                                       ;2;RJ;3
202312;LUIZA ADM. CONS. LTDA                                       ;3;RJ;125
202312;LUIZA ADM. CONS. LTDA                                       ;4;RJ;67
202312;LUIZA ADM. CONS. LTDA                                       ;5;RJ;34
202312;LUIZA ADM. CONS. LTDA                                       ;6;RJ;16
202312;LUIZA ADM. CONS. LTDA                                       ;1;RN;60
202312;LUIZA ADM. CONS. LTDA                                       ;2;RN;2
202312;LUIZA ADM. CONS. LTDA                                       ;3;RN;58
202312;LUIZA ADM. CONS. LTDA                                       ;4;RN;16
202312;LUIZA ADM. CONS. LTDA                                       ;5;RN;7
202312;LUIZA ADM. CONS. LTDA                                       ;6;RN;4
202312;LUIZA ADM. CONS. LTDA                                       ;1;RO;11
202312;LUIZA ADM. CONS. LTDA                                       ;2;RO;0
202312;LUIZA ADM. CONS. LTDA                                       ;3;RO;1
202312;LUIZA ADM. CONS. LTDA                                       ;4;RO;0
202312;LUIZA ADM. CONS. LTDA                                       ;5;RO;0
202312;LUIZA ADM. CONS. LTDA                                       ;6;RO;1
202312;LUIZA ADM. CONS. LTDA                                       ;1;RR;0
202312;LUIZA ADM. CONS. LTDA                                       ;2;RR;0
202312;LUIZA ADM. CONS. LTDA                                       ;3;RR;1
202312;LUIZA ADM. CONS. LTDA                                       ;4;RR;0
202312;LUIZA ADM. CONS. LTDA                                       ;5;RR;0
202312;LUIZA ADM. CONS. LTDA                                       ;1;RS;166
202312;LUIZA ADM. CONS. LTDA                                       ;2;RS;7
202312;LUIZA ADM. CONS. LTDA                                       ;3;RS;130
202312;LUIZA ADM. CONS. LTDA                                       ;4;RS;20
202312;LUIZA ADM. CONS. LTDA                                       ;5;RS;18
202312;LUIZA ADM. CONS. LTDA                                       ;6;RS;21
202312;LUIZA ADM. CONS. LTDA                                       ;1;SC;177
202312;LUIZA ADM. CONS. LTDA                                       ;2;SC;8
202312;LUIZA ADM. CONS. LTDA                                       ;3;SC;99
202312;LUIZA ADM. CONS. LTDA                                       ;4;SC;23
202312;LUIZA ADM. CONS. LTDA                                       ;5;SC;15
202312;LUIZA ADM. CONS. LTDA                                       ;6;SC;10
202312;LUIZA ADM. CONS. LTDA                                       ;1;SE;13
202312;LUIZA ADM. CONS. LTDA                                       ;2;SE;1
202312;LUIZA ADM. CONS. LTDA                                       ;3;SE;35
202312;LUIZA ADM. CONS. LTDA                                       ;4;SE;33
202312;LUIZA ADM. CONS. LTDA                                       ;5;SE;1
202312;LUIZA ADM. CONS. LTDA                                       ;6;SE;2
202312;LUIZA ADM. CONS. LTDA                                       ;1;SP;864
202312;LUIZA ADM. CONS. LTDA                                       ;2;SP;52
202312;LUIZA ADM. CONS. LTDA                                       ;3;SP;1090
202312;LUIZA ADM. CONS. LTDA                                       ;4;SP;282
202312;LUIZA ADM. CONS. LTDA                                       ;5;SP;141
202312;LUIZA ADM. CONS. LTDA                                       ;6;SP;84
202312;LUIZA ADM. CONS. LTDA                                       ;1;TO;13
202312;LUIZA ADM. CONS. LTDA                                       ;2;TO;8
202312;LUIZA ADM. CONS. LTDA                                       ;3;TO;17
202312;LUIZA ADM. CONS. LTDA                                       ;4;TO;2
202312;LUIZA ADM. CONS. LTDA                                       ;5;TO;0
202312;LUIZA ADM. CONS. LTDA                                       ;6;TO;6
202312;ÂNCORA ADM CONS S.A.                                        ;1;AC;3
202312;ÂNCORA ADM CONS S.A.                                        ;2;AC;2
202312;ÂNCORA ADM CONS S.A.                                        ;3;AC;2
202312;ÂNCORA ADM CONS S.A.                                        ;4;AC;5
202312;ÂNCORA ADM CONS S.A.                                        ;5;AC;2
202312;ÂNCORA ADM CONS S.A.                                        ;1;AL;5
202312;ÂNCORA ADM CONS S.A.                                        ;2;AL;4
202312;ÂNCORA ADM CONS S.A.                                        ;3;AL;1
202312;ÂNCORA ADM CONS S.A.                                        ;4;AL;18
202312;ÂNCORA ADM CONS S.A.                                        ;5;AL;7
202312;ÂNCORA ADM CONS S.A.                                        ;6;AL;0
202312;ÂNCORA ADM CONS S.A.                                        ;1;AM;6
202312;ÂNCORA ADM CONS S.A.                                        ;2;AM;3
202312;ÂNCORA ADM CONS S.A.                                        ;3;AM;7
202312;ÂNCORA ADM CONS S.A.                                        ;4;AM;37
202312;ÂNCORA ADM CONS S.A.                                        ;5;AM;2
202312;ÂNCORA ADM CONS S.A.                                        ;6;AM;0
202312;ÂNCORA ADM CONS S.A.                                        ;1;AP;0
202312;ÂNCORA ADM CONS S.A.                                        ;2;AP;1
202312;ÂNCORA ADM CONS S.A.                                        ;3;AP;0
202312;ÂNCORA ADM CONS S.A.                                        ;4;AP;11
202312;ÂNCORA ADM CONS S.A.                                        ;5;AP;1
202312;ÂNCORA ADM CONS S.A.                                        ;1;BA;22
202312;ÂNCORA ADM CONS S.A.                                        ;2;BA;32
202312;ÂNCORA ADM CONS S.A.                                        ;3;BA;120
202312;ÂNCORA ADM CONS S.A.                                        ;4;BA;111
202312;ÂNCORA ADM CONS S.A.                                        ;5;BA;115
202312;ÂNCORA ADM CONS S.A.                                        ;6;BA;2
202312;ÂNCORA ADM CONS S.A.                                        ;1;CE;21
202312;ÂNCORA ADM CONS S.A.                                        ;2;CE;6
202312;ÂNCORA ADM CONS S.A.                                        ;3;CE;52
202312;ÂNCORA ADM CONS S.A.                                        ;4;CE;53
202312;ÂNCORA ADM CONS S.A.                                        ;5;CE;8
202312;ÂNCORA ADM CONS S.A.                                        ;6;CE;0
202312;ÂNCORA ADM CONS S.A.                                        ;1;DF;2
202312;ÂNCORA ADM CONS S.A.                                        ;2;DF;2
202312;ÂNCORA ADM CONS S.A.                                        ;3;DF;127
202312;ÂNCORA ADM CONS S.A.                                        ;4;DF;53
202312;ÂNCORA ADM CONS S.A.                                        ;5;DF;7
202312;ÂNCORA ADM CONS S.A.                                        ;6;DF;0
202312;ÂNCORA ADM CONS S.A.                                        ;1;ES;27
202312;ÂNCORA ADM CONS S.A.                                        ;2;ES;5
202312;ÂNCORA ADM CONS S.A.                                        ;3;ES;21
202312;ÂNCORA ADM CONS S.A.                                        ;4;ES;55
202312;ÂNCORA ADM CONS S.A.                                        ;5;ES;3
202312;ÂNCORA ADM CONS S.A.                                        ;6;ES;2
202312;ÂNCORA ADM CONS S.A.                                        ;1;GO;20
202312;ÂNCORA ADM CONS S.A.                                        ;2;GO;22
202312;ÂNCORA ADM CONS S.A.                                        ;3;GO;66
202312;ÂNCORA ADM CONS S.A.                                        ;4;GO;126
202312;ÂNCORA ADM CONS S.A.                                        ;5;GO;38
202312;ÂNCORA ADM CONS S.A.                                        ;6;GO;3
202312;ÂNCORA ADM CONS S.A.                                        ;1;MA;11
202312;ÂNCORA ADM CONS S.A.                                        ;2;MA;17
202312;ÂNCORA ADM CONS S.A.                                        ;3;MA;15
202312;ÂNCORA ADM CONS S.A.                                        ;4;MA;26
202312;ÂNCORA ADM CONS S.A.                                        ;5;MA;8
202312;ÂNCORA ADM CONS S.A.                                        ;6;MA;2
202312;ÂNCORA ADM CONS S.A.                                        ;1;MG;78
202312;ÂNCORA ADM CONS S.A.                                        ;2;MG;88
202312;ÂNCORA ADM CONS S.A.                                        ;3;MG;381
202312;ÂNCORA ADM CONS S.A.                                        ;4;MG;204
202312;ÂNCORA ADM CONS S.A.                                        ;5;MG;48
202312;ÂNCORA ADM CONS S.A.                                        ;6;MG;4
202312;ÂNCORA ADM CONS S.A.                                        ;1;MS;7
202312;ÂNCORA ADM CONS S.A.                                        ;2;MS;43
202312;ÂNCORA ADM CONS S.A.                                        ;3;MS;19
202312;ÂNCORA ADM CONS S.A.                                        ;4;MS;84
202312;ÂNCORA ADM CONS S.A.                                        ;5;MS;45
202312;ÂNCORA ADM CONS S.A.                                        ;6;MS;0
202312;ÂNCORA ADM CONS S.A.                                        ;1;MT;13
202312;ÂNCORA ADM CONS S.A.                                        ;2;MT;69
202312;ÂNCORA ADM CONS S.A.                                        ;3;MT;36
202312;ÂNCORA ADM CONS S.A.                                        ;4;MT;99
202312;ÂNCORA ADM CONS S.A.                                        ;5;MT;17
202312;ÂNCORA ADM CONS S.A.                                        ;6;MT;0
202312;ÂNCORA ADM CONS S.A.                                        ;1;PA;15
202312;ÂNCORA ADM CONS S.A.                                        ;2;PA;27
202312;ÂNCORA ADM CONS S.A.                                        ;3;PA;19
202312;ÂNCORA ADM CONS S.A.                                        ;4;PA;62
202312;ÂNCORA ADM CONS S.A.                                        ;5;PA;11
202312;ÂNCORA ADM CONS S.A.                                        ;6;PA;2
202312;ÂNCORA ADM CONS S.A.                                        ;1;PB;1
202312;ÂNCORA ADM CONS S.A.                                        ;2;PB;3
202312;ÂNCORA ADM CONS S.A.                                        ;3;PB;11
202312;ÂNCORA ADM CONS S.A.                                        ;4;PB;41
202312;ÂNCORA ADM CONS S.A.                                        ;5;PB;9
202312;ÂNCORA ADM CONS S.A.                                        ;6;PB;0
202312;ÂNCORA ADM CONS S.A.                                        ;1;PE;14
202312;ÂNCORA ADM CONS S.A.                                        ;2;PE;9
202312;ÂNCORA ADM CONS S.A.                                        ;3;PE;27
202312;ÂNCORA ADM CONS S.A.                                        ;4;PE;79
202312;ÂNCORA ADM CONS S.A.                                        ;5;PE;14
202312;ÂNCORA ADM CONS S.A.                                        ;6;PE;5
202312;ÂNCORA ADM CONS S.A.                                        ;1;PI;2
202312;ÂNCORA ADM CONS S.A.                                        ;2;PI;9
202312;ÂNCORA ADM CONS S.A.                                        ;3;PI;16
202312;ÂNCORA ADM CONS S.A.                                        ;4;PI;17
202312;ÂNCORA ADM CONS S.A.                                        ;5;PI;3
202312;ÂNCORA ADM CONS S.A.                                        ;6;PI;0
202312;ÂNCORA ADM CONS S.A.                                        ;1;PR;45
202312;ÂNCORA ADM CONS S.A.                                        ;2;PR;88
202312;ÂNCORA ADM CONS S.A.                                        ;3;PR;191
202312;ÂNCORA ADM CONS S.A.                                        ;4;PR;159
202312;ÂNCORA ADM CONS S.A.                                        ;5;PR;26
202312;ÂNCORA ADM CONS S.A.                                        ;6;PR;3
202312;ÂNCORA ADM CONS S.A.                                        ;1;RJ;46
202312;ÂNCORA ADM CONS S.A.                                        ;2;RJ;75
202312;ÂNCORA ADM CONS S.A.                                        ;3;RJ;646
202312;ÂNCORA ADM CONS S.A.                                        ;4;RJ;215
202312;ÂNCORA ADM CONS S.A.                                        ;5;RJ;155
202312;ÂNCORA ADM CONS S.A.                                        ;6;RJ;0
202312;ÂNCORA ADM CONS S.A.                                        ;1;RN;1
202312;ÂNCORA ADM CONS S.A.                                        ;2;RN;1
202312;ÂNCORA ADM CONS S.A.                                        ;3;RN;5
202312;ÂNCORA ADM CONS S.A.                                        ;4;RN;17
202312;ÂNCORA ADM CONS S.A.                                        ;5;RN;7
202312;ÂNCORA ADM CONS S.A.                                        ;6;RN;0
202312;ÂNCORA ADM CONS S.A.                                        ;1;RO;0
202312;ÂNCORA ADM CONS S.A.                                        ;2;RO;22
202312;ÂNCORA ADM CONS S.A.                                        ;3;RO;7
202312;ÂNCORA ADM CONS S.A.                                        ;4;RO;15
202312;ÂNCORA ADM CONS S.A.                                        ;5;RO;62
202312;ÂNCORA ADM CONS S.A.                                        ;6;RO;0
202312;ÂNCORA ADM CONS S.A.                                        ;1;RR;0
202312;ÂNCORA ADM CONS S.A.                                        ;2;RR;1
202312;ÂNCORA ADM CONS S.A.                                        ;3;RR;0
202312;ÂNCORA ADM CONS S.A.                                        ;4;RR;8
202312;ÂNCORA ADM CONS S.A.                                        ;5;RR;1
202312;ÂNCORA ADM CONS S.A.                                        ;6;RR;0
202312;ÂNCORA ADM CONS S.A.                                        ;1;RS;24
202312;ÂNCORA ADM CONS S.A.                                        ;2;RS;22
202312;ÂNCORA ADM CONS S.A.                                        ;3;RS;62
202312;ÂNCORA ADM CONS S.A.                                        ;4;RS;101
202312;ÂNCORA ADM CONS S.A.                                        ;5;RS;125
202312;ÂNCORA ADM CONS S.A.                                        ;6;RS;2
202312;ÂNCORA ADM CONS S.A.                                        ;1;SC;289
202312;ÂNCORA ADM CONS S.A.                                        ;2;SC;41
202312;ÂNCORA ADM CONS S.A.                                        ;3;SC;239
202312;ÂNCORA ADM CONS S.A.                                        ;4;SC;151
202312;ÂNCORA ADM CONS S.A.                                        ;5;SC;8
202312;ÂNCORA ADM CONS S.A.                                        ;6;SC;0
202312;ÂNCORA ADM CONS S.A.                                        ;1;SE;5
202312;ÂNCORA ADM CONS S.A.                                        ;2;SE;1
202312;ÂNCORA ADM CONS S.A.                                        ;3;SE;2
202312;ÂNCORA ADM CONS S.A.                                        ;4;SE;12
202312;ÂNCORA ADM CONS S.A.                                        ;5;SE;3
202312;ÂNCORA ADM CONS S.A.                                        ;1;SP;316
202312;ÂNCORA ADM CONS S.A.                                        ;2;SP;137
202312;ÂNCORA ADM CONS S.A.                                        ;3;SP;939
202312;ÂNCORA ADM CONS S.A.                                        ;4;SP;657
202312;ÂNCORA ADM CONS S.A.                                        ;5;SP;299
202312;ÂNCORA ADM CONS S.A.                                        ;6;SP;17
202312;ÂNCORA ADM CONS S.A.                                        ;1;TO;6
202312;ÂNCORA ADM CONS S.A.                                        ;2;TO;3
202312;ÂNCORA ADM CONS S.A.                                        ;3;TO;10
202312;ÂNCORA ADM CONS S.A.                                        ;4;TO;28
202312;ÂNCORA ADM CONS S.A.                                        ;5;TO;4
202312;ÂNCORA ADM CONS S.A.                                        ;6;TO;0
202312;UNIFISA ADM NAC CONS LTDA                                   ;1;AC;0
202312;UNIFISA ADM NAC CONS LTDA                                   ;2;AC;0
202312;UNIFISA ADM NAC CONS LTDA                                   ;3;AC;1
202312;UNIFISA ADM NAC CONS LTDA                                   ;4;AC;0
202312;UNIFISA ADM NAC CONS LTDA                                   ;6;AC;0
202312;UNIFISA ADM NAC CONS LTDA                                   ;1;AL;1
202312;UNIFISA ADM NAC CONS LTDA                                   ;2;AL;0
202312;UNIFISA ADM NAC CONS LTDA                                   ;3;AL;1
202312;UNIFISA ADM NAC CONS LTDA                                   ;4;AL;0
202312;UNIFISA ADM NAC CONS LTDA                                   ;6;AL;1
202312;UNIFISA ADM NAC CONS LTDA                                   ;1;AM;20
202312;UNIFISA ADM NAC CONS LTDA                                   ;2;AM;0
202312;UNIFISA ADM NAC CONS LTDA                                   ;3;AM;6
202312;UNIFISA ADM NAC CONS LTDA                                   ;4;AM;1
202312;UNIFISA ADM NAC CONS LTDA                                   ;6;AM;0
202312;UNIFISA ADM NAC CONS LTDA                                   ;1;AP;3
202312;UNIFISA ADM NAC CONS LTDA                                   ;2;AP;2
202312;UNIFISA ADM NAC CONS LTDA                                   ;3;AP;24
202312;UNIFISA ADM NAC CONS LTDA                                   ;4;AP;0
202312;UNIFISA ADM NAC CONS LTDA                                   ;6;AP;0
202312;UNIFISA ADM NAC CONS LTDA                                   ;1;BA;36
202312;UNIFISA ADM NAC CONS LTDA                                   ;2;BA;14
202312;UNIFISA ADM NAC CONS LTDA                                   ;3;BA;81
202312;UNIFISA ADM NAC CONS LTDA                                   ;4;BA;6
202312;UNIFISA ADM NAC CONS LTDA                                   ;6;BA;2
202312;UNIFISA ADM NAC CONS LTDA                                   ;1;CE;15
202312;UNIFISA ADM NAC CONS LTDA                                   ;2;CE;0
202312;UNIFISA ADM NAC CONS LTDA                                   ;3;CE;2
202312;UNIFISA ADM NAC CONS LTDA                                   ;4;CE;0
202312;UNIFISA ADM NAC CONS LTDA                                   ;6;CE;0
202312;UNIFISA ADM NAC CONS LTDA                                   ;1;DF;9
202312;UNIFISA ADM NAC CONS LTDA                                   ;2;DF;24
202312;UNIFISA ADM NAC CONS LTDA                                   ;3;DF;11
202312;UNIFISA ADM NAC CONS LTDA                                   ;4;DF;0
202312;UNIFISA ADM NAC CONS LTDA                                   ;6;DF;0
202312;UNIFISA ADM NAC CONS LTDA                                   ;1;ES;5
202312;UNIFISA ADM NAC CONS LTDA                                   ;2;ES;0
202312;UNIFISA ADM NAC CONS LTDA                                   ;3;ES;15
202312;UNIFISA ADM NAC CONS LTDA                                   ;4;ES;0
202312;UNIFISA ADM NAC CONS LTDA                                   ;6;ES;1
202312;UNIFISA ADM NAC CONS LTDA                                   ;1;GO;44
202312;UNIFISA ADM NAC CONS LTDA                                   ;2;GO;1
202312;UNIFISA ADM NAC CONS LTDA                                   ;3;GO;40
202312;UNIFISA ADM NAC CONS LTDA                                   ;4;GO;1
202312;UNIFISA ADM NAC CONS LTDA                                   ;6;GO;3
202312;UNIFISA ADM NAC CONS LTDA                                   ;1;MA;69
202312;UNIFISA ADM NAC CONS LTDA                                   ;2;MA;2
202312;UNIFISA ADM NAC CONS LTDA                                   ;3;MA;19
202312;UNIFISA ADM NAC CONS LTDA                                   ;4;MA;0
202312;UNIFISA ADM NAC CONS LTDA                                   ;6;MA;0
202312;UNIFISA ADM NAC CONS LTDA                                   ;1;MG;109
202312;UNIFISA ADM NAC CONS LTDA                                   ;2;MG;4
202312;UNIFISA ADM NAC CONS LTDA                                   ;3;MG;46
202312;UNIFISA ADM NAC CONS LTDA                                   ;4;MG;5
202312;UNIFISA ADM NAC CONS LTDA                                   ;6;MG;2
202312;UNIFISA ADM NAC CONS LTDA                                   ;1;MS;10
202312;UNIFISA ADM NAC CONS LTDA                                   ;2;MS;0
202312;UNIFISA ADM NAC CONS LTDA                                   ;3;MS;5
202312;UNIFISA ADM NAC CONS LTDA                                   ;4;MS;0
202312;UNIFISA ADM NAC CONS LTDA                                   ;6;MS;0
202312;UNIFISA ADM NAC CONS LTDA                                   ;1;MT;47
202312;UNIFISA ADM NAC CONS LTDA                                   ;2;MT;25
202312;UNIFISA ADM NAC CONS LTDA                                   ;3;MT;116
202312;UNIFISA ADM NAC CONS LTDA                                   ;4;MT;1
202312;UNIFISA ADM NAC CONS LTDA                                   ;6;MT;1
202312;UNIFISA ADM NAC CONS LTDA                                   ;1;PA;26
202312;UNIFISA ADM NAC CONS LTDA                                   ;2;PA;12
202312;UNIFISA ADM NAC CONS LTDA                                   ;3;PA;7
202312;UNIFISA ADM NAC CONS LTDA                                   ;4;PA;1
202312;UNIFISA ADM NAC CONS LTDA                                   ;6;PA;2
202312;UNIFISA ADM NAC CONS LTDA                                   ;1;PB;6
202312;UNIFISA ADM NAC CONS LTDA                                   ;2;PB;0
202312;UNIFISA ADM NAC CONS LTDA                                   ;3;PB;9
202312;UNIFISA ADM NAC CONS LTDA                                   ;4;PB;0
202312;UNIFISA ADM NAC CONS LTDA                                   ;6;PB;0
202312;UNIFISA ADM NAC CONS LTDA                                   ;1;PE;10
202312;UNIFISA ADM NAC CONS LTDA                                   ;2;PE;0
202312;UNIFISA ADM NAC CONS LTDA                                   ;3;PE;16
202312;UNIFISA ADM NAC CONS LTDA                                   ;4;PE;1
202312;UNIFISA ADM NAC CONS LTDA                                   ;6;PE;5
202312;UNIFISA ADM NAC CONS LTDA                                   ;1;PI;7
202312;UNIFISA ADM NAC CONS LTDA                                   ;2;PI;0
202312;UNIFISA ADM NAC CONS LTDA                                   ;3;PI;4
202312;UNIFISA ADM NAC CONS LTDA                                   ;4;PI;0
202312;UNIFISA ADM NAC CONS LTDA                                   ;6;PI;0
202312;UNIFISA ADM NAC CONS LTDA                                   ;1;PR;30
202312;UNIFISA ADM NAC CONS LTDA                                   ;2;PR;30
202312;UNIFISA ADM NAC CONS LTDA                                   ;3;PR;102
202312;UNIFISA ADM NAC CONS LTDA                                   ;4;PR;0
202312;UNIFISA ADM NAC CONS LTDA                                   ;6;PR;4
202312;UNIFISA ADM NAC CONS LTDA                                   ;1;RJ;54
202312;UNIFISA ADM NAC CONS LTDA                                   ;2;RJ;1
202312;UNIFISA ADM NAC CONS LTDA                                   ;3;RJ;33
202312;UNIFISA ADM NAC CONS LTDA                                   ;4;RJ;2
202312;UNIFISA ADM NAC CONS LTDA                                   ;6;RJ;1
202312;UNIFISA ADM NAC CONS LTDA                                   ;1;RN;7
202312;UNIFISA ADM NAC CONS LTDA                                   ;2;RN;1
202312;UNIFISA ADM NAC CONS LTDA                                   ;3;RN;4
202312;UNIFISA ADM NAC CONS LTDA                                   ;4;RN;2
202312;UNIFISA ADM NAC CONS LTDA                                   ;6;RN;1
202312;UNIFISA ADM NAC CONS LTDA                                   ;1;RO;5
202312;UNIFISA ADM NAC CONS LTDA                                   ;2;RO;1
202312;UNIFISA ADM NAC CONS LTDA                                   ;3;RO;4
202312;UNIFISA ADM NAC CONS LTDA                                   ;4;RO;0
202312;UNIFISA ADM NAC CONS LTDA                                   ;6;RO;0
202312;UNIFISA ADM NAC CONS LTDA                                   ;1;RR;0
202312;UNIFISA ADM NAC CONS LTDA                                   ;2;RR;0
202312;UNIFISA ADM NAC CONS LTDA                                   ;3;RR;1
202312;UNIFISA ADM NAC CONS LTDA                                   ;4;RR;0
202312;UNIFISA ADM NAC CONS LTDA                                   ;1;RS;26
202312;UNIFISA ADM NAC CONS LTDA                                   ;2;RS;1
202312;UNIFISA ADM NAC CONS LTDA                                   ;3;RS;10
202312;UNIFISA ADM NAC CONS LTDA                                   ;4;RS;0
202312;UNIFISA ADM NAC CONS LTDA                                   ;6;RS;0
202312;UNIFISA ADM NAC CONS LTDA                                   ;1;SC;15
202312;UNIFISA ADM NAC CONS LTDA                                   ;2;SC;0
202312;UNIFISA ADM NAC CONS LTDA                                   ;3;SC;67
202312;UNIFISA ADM NAC CONS LTDA                                   ;4;SC;0
202312;UNIFISA ADM NAC CONS LTDA                                   ;6;SC;2
202312;UNIFISA ADM NAC CONS LTDA                                   ;1;SE;0
202312;UNIFISA ADM NAC CONS LTDA                                   ;2;SE;0
202312;UNIFISA ADM NAC CONS LTDA                                   ;3;SE;4
202312;UNIFISA ADM NAC CONS LTDA                                   ;4;SE;0
202312;UNIFISA ADM NAC CONS LTDA                                   ;6;SE;0
202312;UNIFISA ADM NAC CONS LTDA                                   ;1;SP;883
202312;UNIFISA ADM NAC CONS LTDA                                   ;2;SP;41
202312;UNIFISA ADM NAC CONS LTDA                                   ;3;SP;500
202312;UNIFISA ADM NAC CONS LTDA                                   ;4;SP;77
202312;UNIFISA ADM NAC CONS LTDA                                   ;6;SP;59
202312;UNIFISA ADM NAC CONS LTDA                                   ;1;TO;33
202312;UNIFISA ADM NAC CONS LTDA                                   ;2;TO;8
202312;UNIFISA ADM NAC CONS LTDA                                   ;3;TO;10
202312;UNIFISA ADM NAC CONS LTDA                                   ;4;TO;1
202312;UNIFISA ADM NAC CONS LTDA                                   ;6;TO;0
202312;COOPERATIVA MISTA ROMA (ANTIGA JOCKEY) - PROIBIDA           ;1;AC;0
202312;COOPERATIVA MISTA ROMA (ANTIGA JOCKEY) - PROIBIDA           ;2;AC;0
202312;COOPERATIVA MISTA ROMA (ANTIGA JOCKEY) - PROIBIDA           ;3;AC;0
202312;COOPERATIVA MISTA ROMA (ANTIGA JOCKEY) - PROIBIDA           ;1;AL;14
202312;COOPERATIVA MISTA ROMA (ANTIGA JOCKEY) - PROIBIDA           ;2;AL;0
202312;COOPERATIVA MISTA ROMA (ANTIGA JOCKEY) - PROIBIDA           ;3;AL;6
202312;COOPERATIVA MISTA ROMA (ANTIGA JOCKEY) - PROIBIDA           ;1;AM;0
202312;COOPERATIVA MISTA ROMA (ANTIGA JOCKEY) - PROIBIDA           ;2;AM;23
202312;COOPERATIVA MISTA ROMA (ANTIGA JOCKEY) - PROIBIDA           ;3;AM;97
202312;COOPERATIVA MISTA ROMA (ANTIGA JOCKEY) - PROIBIDA           ;1;AP;20
202312;COOPERATIVA MISTA ROMA (ANTIGA JOCKEY) - PROIBIDA           ;2;AP;2
202312;COOPERATIVA MISTA ROMA (ANTIGA JOCKEY) - PROIBIDA           ;3;AP;31
202312;COOPERATIVA MISTA ROMA (ANTIGA JOCKEY) - PROIBIDA           ;1;BA;29
202312;COOPERATIVA MISTA ROMA (ANTIGA JOCKEY) - PROIBIDA           ;2;BA;31
202312;COOPERATIVA MISTA ROMA (ANTIGA JOCKEY) - PROIBIDA           ;3;BA;146
202312;COOPERATIVA MISTA ROMA (ANTIGA JOCKEY) - PROIBIDA           ;5;BA;1
202312;COOPERATIVA MISTA ROMA (ANTIGA JOCKEY) - PROIBIDA           ;1;CE;0
202312;COOPERATIVA MISTA ROMA (ANTIGA JOCKEY) - PROIBIDA           ;2;CE;1
202312;COOPERATIVA MISTA ROMA (ANTIGA JOCKEY) - PROIBIDA           ;3;CE;0
202312;COOPERATIVA MISTA ROMA (ANTIGA JOCKEY) - PROIBIDA           ;1;DF;46
202312;COOPERATIVA MISTA ROMA (ANTIGA JOCKEY) - PROIBIDA           ;2;DF;15
202312;COOPERATIVA MISTA ROMA (ANTIGA JOCKEY) - PROIBIDA           ;3;DF;35
202312;COOPERATIVA MISTA ROMA (ANTIGA JOCKEY) - PROIBIDA           ;1;ES;66
202312;COOPERATIVA MISTA ROMA (ANTIGA JOCKEY) - PROIBIDA           ;2;ES;2
202312;COOPERATIVA MISTA ROMA (ANTIGA JOCKEY) - PROIBIDA           ;3;ES;19
202312;COOPERATIVA MISTA ROMA (ANTIGA JOCKEY) - PROIBIDA           ;1;GO;0
202312;COOPERATIVA MISTA ROMA (ANTIGA JOCKEY) - PROIBIDA           ;2;GO;0
202312;COOPERATIVA MISTA ROMA (ANTIGA JOCKEY) - PROIBIDA           ;3;GO;1
202312;COOPERATIVA MISTA ROMA (ANTIGA JOCKEY) - PROIBIDA           ;1;MA;1
202312;COOPERATIVA MISTA ROMA (ANTIGA JOCKEY) - PROIBIDA           ;2;MA;7
202312;COOPERATIVA MISTA ROMA (ANTIGA JOCKEY) - PROIBIDA           ;3;MA;15
202312;COOPERATIVA MISTA ROMA (ANTIGA JOCKEY) - PROIBIDA           ;5;MA;2
202312;COOPERATIVA MISTA ROMA (ANTIGA JOCKEY) - PROIBIDA           ;1;MG;172
202312;COOPERATIVA MISTA ROMA (ANTIGA JOCKEY) - PROIBIDA           ;2;MG;83
202312;COOPERATIVA MISTA ROMA (ANTIGA JOCKEY) - PROIBIDA           ;3;MG;672
202312;COOPERATIVA MISTA ROMA (ANTIGA JOCKEY) - PROIBIDA           ;1;MS;2
202312;COOPERATIVA MISTA ROMA (ANTIGA JOCKEY) - PROIBIDA           ;2;MS;2
202312;COOPERATIVA MISTA ROMA (ANTIGA JOCKEY) - PROIBIDA           ;3;MS;0
202312;COOPERATIVA MISTA ROMA (ANTIGA JOCKEY) - PROIBIDA           ;1;MT;9
202312;COOPERATIVA MISTA ROMA (ANTIGA JOCKEY) - PROIBIDA           ;2;MT;11
202312;COOPERATIVA MISTA ROMA (ANTIGA JOCKEY) - PROIBIDA           ;3;MT;15
202312;COOPERATIVA MISTA ROMA (ANTIGA JOCKEY) - PROIBIDA           ;5;MT;31
202312;COOPERATIVA MISTA ROMA (ANTIGA JOCKEY) - PROIBIDA           ;1;PA;2
202312;COOPERATIVA MISTA ROMA (ANTIGA JOCKEY) - PROIBIDA           ;2;PA;15
202312;COOPERATIVA MISTA ROMA (ANTIGA JOCKEY) - PROIBIDA           ;3;PA;20
202312;COOPERATIVA MISTA ROMA (ANTIGA JOCKEY) - PROIBIDA           ;1;PB;2
202312;COOPERATIVA MISTA ROMA (ANTIGA JOCKEY) - PROIBIDA           ;2;PB;0
202312;COOPERATIVA MISTA ROMA (ANTIGA JOCKEY) - PROIBIDA           ;3;PB;41
202312;COOPERATIVA MISTA ROMA (ANTIGA JOCKEY) - PROIBIDA           ;1;PE;16
202312;COOPERATIVA MISTA ROMA (ANTIGA JOCKEY) - PROIBIDA           ;2;PE;14
202312;COOPERATIVA MISTA ROMA (ANTIGA JOCKEY) - PROIBIDA           ;3;PE;143
202312;COOPERATIVA MISTA ROMA (ANTIGA JOCKEY) - PROIBIDA           ;1;PI;0
202312;COOPERATIVA MISTA ROMA (ANTIGA JOCKEY) - PROIBIDA           ;2;PI;2
202312;COOPERATIVA MISTA ROMA (ANTIGA JOCKEY) - PROIBIDA           ;3;PI;4
202312;COOPERATIVA MISTA ROMA (ANTIGA JOCKEY) - PROIBIDA           ;5;PI;1
202312;COOPERATIVA MISTA ROMA (ANTIGA JOCKEY) - PROIBIDA           ;1;PR;21
202312;COOPERATIVA MISTA ROMA (ANTIGA JOCKEY) - PROIBIDA           ;2;PR;71
202312;COOPERATIVA MISTA ROMA (ANTIGA JOCKEY) - PROIBIDA           ;3;PR;36
202312;COOPERATIVA MISTA ROMA (ANTIGA JOCKEY) - PROIBIDA           ;1;RJ;9
202312;COOPERATIVA MISTA ROMA (ANTIGA JOCKEY) - PROIBIDA           ;2;RJ;0
202312;COOPERATIVA MISTA ROMA (ANTIGA JOCKEY) - PROIBIDA           ;3;RJ;23
202312;COOPERATIVA MISTA ROMA (ANTIGA JOCKEY) - PROIBIDA           ;5;RJ;0
202312;COOPERATIVA MISTA ROMA (ANTIGA JOCKEY) - PROIBIDA           ;1;RN;21
202312;COOPERATIVA MISTA ROMA (ANTIGA JOCKEY) - PROIBIDA           ;2;RN;1
202312;COOPERATIVA MISTA ROMA (ANTIGA JOCKEY) - PROIBIDA           ;3;RN;14
202312;COOPERATIVA MISTA ROMA (ANTIGA JOCKEY) - PROIBIDA           ;5;RN;2
202312;COOPERATIVA MISTA ROMA (ANTIGA JOCKEY) - PROIBIDA           ;1;RO;19
202312;COOPERATIVA MISTA ROMA (ANTIGA JOCKEY) - PROIBIDA           ;2;RO;41
202312;COOPERATIVA MISTA ROMA (ANTIGA JOCKEY) - PROIBIDA           ;3;RO;19
202312;COOPERATIVA MISTA ROMA (ANTIGA JOCKEY) - PROIBIDA           ;1;RR;0
202312;COOPERATIVA MISTA ROMA (ANTIGA JOCKEY) - PROIBIDA           ;2;RR;1
202312;COOPERATIVA MISTA ROMA (ANTIGA JOCKEY) - PROIBIDA           ;3;RR;2
202312;COOPERATIVA MISTA ROMA (ANTIGA JOCKEY) - PROIBIDA           ;5;RR;0
202312;COOPERATIVA MISTA ROMA (ANTIGA JOCKEY) - PROIBIDA           ;1;RS;13
202312;COOPERATIVA MISTA ROMA (ANTIGA JOCKEY) - PROIBIDA           ;2;RS;32
202312;COOPERATIVA MISTA ROMA (ANTIGA JOCKEY) - PROIBIDA           ;3;RS;90
202312;COOPERATIVA MISTA ROMA (ANTIGA JOCKEY) - PROIBIDA           ;1;SC;4
202312;COOPERATIVA MISTA ROMA (ANTIGA JOCKEY) - PROIBIDA           ;2;SC;36
202312;COOPERATIVA MISTA ROMA (ANTIGA JOCKEY) - PROIBIDA           ;3;SC;5
202312;COOPERATIVA MISTA ROMA (ANTIGA JOCKEY) - PROIBIDA           ;5;SC;0
202312;COOPERATIVA MISTA ROMA (ANTIGA JOCKEY) - PROIBIDA           ;1;SE;3
202312;COOPERATIVA MISTA ROMA (ANTIGA JOCKEY) - PROIBIDA           ;2;SE;3
202312;COOPERATIVA MISTA ROMA (ANTIGA JOCKEY) - PROIBIDA           ;3;SE;160
202312;COOPERATIVA MISTA ROMA (ANTIGA JOCKEY) - PROIBIDA           ;1;SP;279
202312;COOPERATIVA MISTA ROMA (ANTIGA JOCKEY) - PROIBIDA           ;2;SP;140
202312;COOPERATIVA MISTA ROMA (ANTIGA JOCKEY) - PROIBIDA           ;3;SP;126
202312;COOPERATIVA MISTA ROMA (ANTIGA JOCKEY) - PROIBIDA           ;5;SP;11
202312;COOPERATIVA MISTA ROMA (ANTIGA JOCKEY) - PROIBIDA           ;1;TO;0
202312;COOPERATIVA MISTA ROMA (ANTIGA JOCKEY) - PROIBIDA           ;2;TO;1
202312;COOPERATIVA MISTA ROMA (ANTIGA JOCKEY) - PROIBIDA           ;3;TO;2
202312;REDENÇÃO ADM DE CONSÓRCIO                                   ;3;AL;0
202312;REDENÇÃO ADM DE CONSÓRCIO                                   ;3;CE;2
202312;REDENÇÃO ADM DE CONSÓRCIO                                   ;6;CE;0
202312;REDENÇÃO ADM DE CONSÓRCIO                                   ;3;DF;0
202312;REDENÇÃO ADM DE CONSÓRCIO                                   ;3;MG;0
202312;REDENÇÃO ADM DE CONSÓRCIO                                   ;3;PA;0
202312;REDENÇÃO ADM DE CONSÓRCIO                                   ;3;PB;0
202312;REDENÇÃO ADM DE CONSÓRCIO                                   ;6;PB;0
202312;REDENÇÃO ADM DE CONSÓRCIO                                   ;3;PE;3
202312;REDENÇÃO ADM DE CONSÓRCIO                                   ;6;PE;0
202312;REDENÇÃO ADM DE CONSÓRCIO                                   ;3;PI;0
202312;REDENÇÃO ADM DE CONSÓRCIO                                   ;3;RJ;0
202312;REDENÇÃO ADM DE CONSÓRCIO                                   ;3;RN;135
202312;REDENÇÃO ADM DE CONSÓRCIO                                   ;4;RN;2
202312;REDENÇÃO ADM DE CONSÓRCIO                                   ;6;RN;1
202312;REDENÇÃO ADM DE CONSÓRCIO                                   ;3;SC;0
202312;REDENÇÃO ADM DE CONSÓRCIO                                   ;3;SP;0
202312;REMAZA ADM CONS LTDA                                        ;1;AL;0
202312;REMAZA ADM CONS LTDA                                        ;3;AL;0
202312;REMAZA ADM CONS LTDA                                        ;4;AL;0
202312;REMAZA ADM CONS LTDA                                        ;1;AM;1
202312;REMAZA ADM CONS LTDA                                        ;3;AM;0
202312;REMAZA ADM CONS LTDA                                        ;4;AM;0
202312;REMAZA ADM CONS LTDA                                        ;1;AP;0
202312;REMAZA ADM CONS LTDA                                        ;3;AP;0
202312;REMAZA ADM CONS LTDA                                        ;1;BA;16
202312;REMAZA ADM CONS LTDA                                        ;3;BA;11
202312;REMAZA ADM CONS LTDA                                        ;4;BA;2
202312;REMAZA ADM CONS LTDA                                        ;1;CE;0
202312;REMAZA ADM CONS LTDA                                        ;3;CE;0
202312;REMAZA ADM CONS LTDA                                        ;4;CE;0
202312;REMAZA ADM CONS LTDA                                        ;1;DF;10
202312;REMAZA ADM CONS LTDA                                        ;3;DF;0
202312;REMAZA ADM CONS LTDA                                        ;1;ES;3
202312;REMAZA ADM CONS LTDA                                        ;3;ES;0
202312;REMAZA ADM CONS LTDA                                        ;1;GO;4
202312;REMAZA ADM CONS LTDA                                        ;3;GO;0
202312;REMAZA ADM CONS LTDA                                        ;4;GO;0
202312;REMAZA ADM CONS LTDA                                        ;1;MA;1
202312;REMAZA ADM CONS LTDA                                        ;3;MA;0
202312;REMAZA ADM CONS LTDA                                        ;4;MA;0
202312;REMAZA ADM CONS LTDA                                        ;1;MG;13
202312;REMAZA ADM CONS LTDA                                        ;3;MG;1
202312;REMAZA ADM CONS LTDA                                        ;4;MG;1
202312;REMAZA ADM CONS LTDA                                        ;1;MS;0
202312;REMAZA ADM CONS LTDA                                        ;3;MS;0
202312;REMAZA ADM CONS LTDA                                        ;1;MT;2
202312;REMAZA ADM CONS LTDA                                        ;3;MT;0
202312;REMAZA ADM CONS LTDA                                        ;4;MT;0
202312;REMAZA ADM CONS LTDA                                        ;1;PA;1
202312;REMAZA ADM CONS LTDA                                        ;3;PA;0
202312;REMAZA ADM CONS LTDA                                        ;4;PA;0
202312;REMAZA ADM CONS LTDA                                        ;1;PB;0
202312;REMAZA ADM CONS LTDA                                        ;3;PB;0
202312;REMAZA ADM CONS LTDA                                        ;4;PB;0
202312;REMAZA ADM CONS LTDA                                        ;1;PE;5
202312;REMAZA ADM CONS LTDA                                        ;3;PE;0
202312;REMAZA ADM CONS LTDA                                        ;4;PE;0
202312;REMAZA ADM CONS LTDA                                        ;1;PI;0
202312;REMAZA ADM CONS LTDA                                        ;3;PI;0
202312;REMAZA ADM CONS LTDA                                        ;4;PI;0
202312;REMAZA ADM CONS LTDA                                        ;1;PR;2
202312;REMAZA ADM CONS LTDA                                        ;3;PR;2
202312;REMAZA ADM CONS LTDA                                        ;4;PR;0
202312;REMAZA ADM CONS LTDA                                        ;1;RJ;4
202312;REMAZA ADM CONS LTDA                                        ;3;RJ;0
202312;REMAZA ADM CONS LTDA                                        ;4;RJ;0
202312;REMAZA ADM CONS LTDA                                        ;1;RN;0
202312;REMAZA ADM CONS LTDA                                        ;3;RN;0
202312;REMAZA ADM CONS LTDA                                        ;4;RN;0
202312;REMAZA ADM CONS LTDA                                        ;1;RO;0
202312;REMAZA ADM CONS LTDA                                        ;3;RO;0
202312;REMAZA ADM CONS LTDA                                        ;1;RR;0
202312;REMAZA ADM CONS LTDA                                        ;1;RS;2
202312;REMAZA ADM CONS LTDA                                        ;3;RS;0
202312;REMAZA ADM CONS LTDA                                        ;4;RS;0
202312;REMAZA ADM CONS LTDA                                        ;1;SC;2
202312;REMAZA ADM CONS LTDA                                        ;3;SC;1
202312;REMAZA ADM CONS LTDA                                        ;4;SC;0
202312;REMAZA ADM CONS LTDA                                        ;1;SE;0
202312;REMAZA ADM CONS LTDA                                        ;3;SE;0
202312;REMAZA ADM CONS LTDA                                        ;4;SE;0
202312;REMAZA ADM CONS LTDA                                        ;1;SP;295
202312;REMAZA ADM CONS LTDA                                        ;3;SP;314
202312;REMAZA ADM CONS LTDA                                        ;4;SP;142
202312;REMAZA ADM CONS LTDA                                        ;1;TO;0
202312;REMAZA ADM CONS LTDA                                        ;3;TO;0
202312;REMAZA ADM CONS LTDA                                        ;4;TO;0
202312;KASINSKI ADM CONS LTDA.                                     ;1;AC;0
202312;KASINSKI ADM CONS LTDA.                                     ;2;AC;1
202312;KASINSKI ADM CONS LTDA.                                     ;3;AC;0
202312;KASINSKI ADM CONS LTDA.                                     ;1;AL;2
202312;KASINSKI ADM CONS LTDA.                                     ;2;AL;1
202312;KASINSKI ADM CONS LTDA.                                     ;3;AL;7
202312;KASINSKI ADM CONS LTDA.                                     ;4;AL;2
202312;KASINSKI ADM CONS LTDA.                                     ;1;AM;14
202312;KASINSKI ADM CONS LTDA.                                     ;2;AM;1
202312;KASINSKI ADM CONS LTDA.                                     ;3;AM;8
202312;KASINSKI ADM CONS LTDA.                                     ;4;AM;8
202312;KASINSKI ADM CONS LTDA.                                     ;1;AP;0
202312;KASINSKI ADM CONS LTDA.                                     ;2;AP;1
202312;KASINSKI ADM CONS LTDA.                                     ;3;AP;0
202312;KASINSKI ADM CONS LTDA.                                     ;1;BA;24
202312;KASINSKI ADM CONS LTDA.                                     ;2;BA;5
202312;KASINSKI ADM CONS LTDA.                                     ;3;BA;28
202312;KASINSKI ADM CONS LTDA.                                     ;6;BA;0
202312;KASINSKI ADM CONS LTDA.                                     ;1;CE;39
202312;KASINSKI ADM CONS LTDA.                                     ;2;CE;75
202312;KASINSKI ADM CONS LTDA.                                     ;3;CE;375
202312;KASINSKI ADM CONS LTDA.                                     ;4;CE;29
202312;KASINSKI ADM CONS LTDA.                                     ;6;CE;7
202312;KASINSKI ADM CONS LTDA.                                     ;1;DF;5
202312;KASINSKI ADM CONS LTDA.                                     ;2;DF;12
202312;KASINSKI ADM CONS LTDA.                                     ;3;DF;26
202312;KASINSKI ADM CONS LTDA.                                     ;4;DF;0
202312;KASINSKI ADM CONS LTDA.                                     ;6;DF;0
202312;KASINSKI ADM CONS LTDA.                                     ;1;ES;21
202312;KASINSKI ADM CONS LTDA.                                     ;2;ES;3
202312;KASINSKI ADM CONS LTDA.                                     ;3;ES;2
202312;KASINSKI ADM CONS LTDA.                                     ;6;ES;0
202312;KASINSKI ADM CONS LTDA.                                     ;1;GO;230
202312;KASINSKI ADM CONS LTDA.                                     ;2;GO;63
202312;KASINSKI ADM CONS LTDA.                                     ;3;GO;57
202312;KASINSKI ADM CONS LTDA.                                     ;4;GO;21
202312;KASINSKI ADM CONS LTDA.                                     ;6;GO;2
202312;KASINSKI ADM CONS LTDA.                                     ;1;MA;17
202312;KASINSKI ADM CONS LTDA.                                     ;2;MA;2
202312;KASINSKI ADM CONS LTDA.                                     ;3;MA;2
202312;KASINSKI ADM CONS LTDA.                                     ;6;MA;10
202312;KASINSKI ADM CONS LTDA.                                     ;1;MG;155
202312;KASINSKI ADM CONS LTDA.                                     ;2;MG;77
202312;KASINSKI ADM CONS LTDA.                                     ;3;MG;127
202312;KASINSKI ADM CONS LTDA.                                     ;4;MG;19
202312;KASINSKI ADM CONS LTDA.                                     ;6;MG;7
202312;KASINSKI ADM CONS LTDA.                                     ;1;MS;0
202312;KASINSKI ADM CONS LTDA.                                     ;2;MS;0
202312;KASINSKI ADM CONS LTDA.                                     ;3;MS;0
202312;KASINSKI ADM CONS LTDA.                                     ;4;MS;1
202312;KASINSKI ADM CONS LTDA.                                     ;1;MT;42
202312;KASINSKI ADM CONS LTDA.                                     ;2;MT;39
202312;KASINSKI ADM CONS LTDA.                                     ;3;MT;97
202312;KASINSKI ADM CONS LTDA.                                     ;4;MT;3
202312;KASINSKI ADM CONS LTDA.                                     ;6;MT;0
202312;KASINSKI ADM CONS LTDA.                                     ;1;PA;3
202312;KASINSKI ADM CONS LTDA.                                     ;2;PA;39
202312;KASINSKI ADM CONS LTDA.                                     ;3;PA;87
202312;KASINSKI ADM CONS LTDA.                                     ;4;PA;20
202312;KASINSKI ADM CONS LTDA.                                     ;6;PA;0
202312;KASINSKI ADM CONS LTDA.                                     ;1;PB;18
202312;KASINSKI ADM CONS LTDA.                                     ;2;PB;86
202312;KASINSKI ADM CONS LTDA.                                     ;3;PB;108
202312;KASINSKI ADM CONS LTDA.                                     ;4;PB;6
202312;KASINSKI ADM CONS LTDA.                                     ;6;PB;3
202312;KASINSKI ADM CONS LTDA.                                     ;1;PE;2
202312;KASINSKI ADM CONS LTDA.                                     ;2;PE;14
202312;KASINSKI ADM CONS LTDA.                                     ;3;PE;13
202312;KASINSKI ADM CONS LTDA.                                     ;4;PE;2
202312;KASINSKI ADM CONS LTDA.                                     ;6;PE;0
202312;KASINSKI ADM CONS LTDA.                                     ;1;PI;3
202312;KASINSKI ADM CONS LTDA.                                     ;2;PI;1
202312;KASINSKI ADM CONS LTDA.                                     ;3;PI;4
202312;KASINSKI ADM CONS LTDA.                                     ;6;PI;0
202312;KASINSKI ADM CONS LTDA.                                     ;1;PR;127
202312;KASINSKI ADM CONS LTDA.                                     ;2;PR;107
202312;KASINSKI ADM CONS LTDA.                                     ;3;PR;200
202312;KASINSKI ADM CONS LTDA.                                     ;4;PR;2
202312;KASINSKI ADM CONS LTDA.                                     ;6;PR;4
202312;KASINSKI ADM CONS LTDA.                                     ;1;RJ;31
202312;KASINSKI ADM CONS LTDA.                                     ;2;RJ;13
202312;KASINSKI ADM CONS LTDA.                                     ;3;RJ;37
202312;KASINSKI ADM CONS LTDA.                                     ;6;RJ;2
202312;KASINSKI ADM CONS LTDA.                                     ;1;RN;9
202312;KASINSKI ADM CONS LTDA.                                     ;2;RN;15
202312;KASINSKI ADM CONS LTDA.                                     ;3;RN;59
202312;KASINSKI ADM CONS LTDA.                                     ;4;RN;19
202312;KASINSKI ADM CONS LTDA.                                     ;6;RN;30
202312;KASINSKI ADM CONS LTDA.                                     ;1;RO;4
202312;KASINSKI ADM CONS LTDA.                                     ;2;RO;14
202312;KASINSKI ADM CONS LTDA.                                     ;3;RO;4
202312;KASINSKI ADM CONS LTDA.                                     ;1;RR;1
202312;KASINSKI ADM CONS LTDA.                                     ;2;RR;1
202312;KASINSKI ADM CONS LTDA.                                     ;3;RR;1
202312;KASINSKI ADM CONS LTDA.                                     ;1;RS;137
202312;KASINSKI ADM CONS LTDA.                                     ;2;RS;59
202312;KASINSKI ADM CONS LTDA.                                     ;3;RS;0
202312;KASINSKI ADM CONS LTDA.                                     ;4;RS;1
202312;KASINSKI ADM CONS LTDA.                                     ;6;RS;0
202312;KASINSKI ADM CONS LTDA.                                     ;1;SC;213
202312;KASINSKI ADM CONS LTDA.                                     ;2;SC;35
202312;KASINSKI ADM CONS LTDA.                                     ;3;SC;2
202312;KASINSKI ADM CONS LTDA.                                     ;6;SC;0
202312;KASINSKI ADM CONS LTDA.                                     ;1;SE;1
202312;KASINSKI ADM CONS LTDA.                                     ;2;SE;1
202312;KASINSKI ADM CONS LTDA.                                     ;3;SE;1
202312;KASINSKI ADM CONS LTDA.                                     ;4;SE;0
202312;KASINSKI ADM CONS LTDA.                                     ;6;SE;0
202312;KASINSKI ADM CONS LTDA.                                     ;1;SP;59
202312;KASINSKI ADM CONS LTDA.                                     ;2;SP;38
202312;KASINSKI ADM CONS LTDA.                                     ;3;SP;5
202312;KASINSKI ADM CONS LTDA.                                     ;4;SP;5
202312;KASINSKI ADM CONS LTDA.                                     ;6;SP;2
202312;KASINSKI ADM CONS LTDA.                                     ;1;TO;37
202312;KASINSKI ADM CONS LTDA.                                     ;2;TO;2
202312;KASINSKI ADM CONS LTDA.                                     ;3;TO;12
202312;KASINSKI ADM CONS LTDA.                                     ;4;TO;1
202312;KASINSKI ADM CONS LTDA.                                     ;6;TO;0
202312;MINAUTO                                                     ;3;MG;0
202312;CANOPUS ADM CONSÓRCIOS                                      ;1;AC;0
202312;CANOPUS ADM CONSÓRCIOS                                      ;2;AC;1
202312;CANOPUS ADM CONSÓRCIOS                                      ;3;AC;6
202312;CANOPUS ADM CONSÓRCIOS                                      ;4;AC;0
202312;CANOPUS ADM CONSÓRCIOS                                      ;5;AC;0
202312;CANOPUS ADM CONSÓRCIOS                                      ;6;AC;0
202312;CANOPUS ADM CONSÓRCIOS                                      ;1;AL;0
202312;CANOPUS ADM CONSÓRCIOS                                      ;2;AL;0
202312;CANOPUS ADM CONSÓRCIOS                                      ;3;AL;20
202312;CANOPUS ADM CONSÓRCIOS                                      ;4;AL;0
202312;CANOPUS ADM CONSÓRCIOS                                      ;5;AL;0
202312;CANOPUS ADM CONSÓRCIOS                                      ;6;AL;0
202312;CANOPUS ADM CONSÓRCIOS                                      ;1;AM;9
202312;CANOPUS ADM CONSÓRCIOS                                      ;2;AM;0
202312;CANOPUS ADM CONSÓRCIOS                                      ;3;AM;19
202312;CANOPUS ADM CONSÓRCIOS                                      ;4;AM;1
202312;CANOPUS ADM CONSÓRCIOS                                      ;5;AM;0
202312;CANOPUS ADM CONSÓRCIOS                                      ;6;AM;0
202312;CANOPUS ADM CONSÓRCIOS                                      ;1;AP;5
202312;CANOPUS ADM CONSÓRCIOS                                      ;2;AP;0
202312;CANOPUS ADM CONSÓRCIOS                                      ;3;AP;14
202312;CANOPUS ADM CONSÓRCIOS                                      ;4;AP;0
202312;CANOPUS ADM CONSÓRCIOS                                      ;5;AP;0
202312;CANOPUS ADM CONSÓRCIOS                                      ;6;AP;2
202312;CANOPUS ADM CONSÓRCIOS                                      ;1;BA;30
202312;CANOPUS ADM CONSÓRCIOS                                      ;2;BA;2
202312;CANOPUS ADM CONSÓRCIOS                                      ;3;BA;366
202312;CANOPUS ADM CONSÓRCIOS                                      ;4;BA;19
202312;CANOPUS ADM CONSÓRCIOS                                      ;5;BA;0
202312;CANOPUS ADM CONSÓRCIOS                                      ;6;BA;8
202312;CANOPUS ADM CONSÓRCIOS                                      ;1;CE;11
202312;CANOPUS ADM CONSÓRCIOS                                      ;2;CE;3
202312;CANOPUS ADM CONSÓRCIOS                                      ;3;CE;106
202312;CANOPUS ADM CONSÓRCIOS                                      ;4;CE;3
202312;CANOPUS ADM CONSÓRCIOS                                      ;5;CE;0
202312;CANOPUS ADM CONSÓRCIOS                                      ;6;CE;4
202312;CANOPUS ADM CONSÓRCIOS                                      ;1;DF;14
202312;CANOPUS ADM CONSÓRCIOS                                      ;2;DF;6
202312;CANOPUS ADM CONSÓRCIOS                                      ;3;DF;73
202312;CANOPUS ADM CONSÓRCIOS                                      ;4;DF;1
202312;CANOPUS ADM CONSÓRCIOS                                      ;5;DF;0
202312;CANOPUS ADM CONSÓRCIOS                                      ;6;DF;2
202312;CANOPUS ADM CONSÓRCIOS                                      ;1;ES;11
202312;CANOPUS ADM CONSÓRCIOS                                      ;2;ES;3
202312;CANOPUS ADM CONSÓRCIOS                                      ;3;ES;40
202312;CANOPUS ADM CONSÓRCIOS                                      ;4;ES;1
202312;CANOPUS ADM CONSÓRCIOS                                      ;5;ES;0
202312;CANOPUS ADM CONSÓRCIOS                                      ;6;ES;0
202312;CANOPUS ADM CONSÓRCIOS                                      ;1;GO;13
202312;CANOPUS ADM CONSÓRCIOS                                      ;2;GO;6
202312;CANOPUS ADM CONSÓRCIOS                                      ;3;GO;112
202312;CANOPUS ADM CONSÓRCIOS                                      ;4;GO;1
202312;CANOPUS ADM CONSÓRCIOS                                      ;5;GO;2
202312;CANOPUS ADM CONSÓRCIOS                                      ;6;GO;5
202312;CANOPUS ADM CONSÓRCIOS                                      ;1;MA;14
202312;CANOPUS ADM CONSÓRCIOS                                      ;2;MA;2
202312;CANOPUS ADM CONSÓRCIOS                                      ;3;MA;456
202312;CANOPUS ADM CONSÓRCIOS                                      ;4;MA;9
202312;CANOPUS ADM CONSÓRCIOS                                      ;5;MA;1
202312;CANOPUS ADM CONSÓRCIOS                                      ;6;MA;8
202312;CANOPUS ADM CONSÓRCIOS                                      ;1;MG;114
202312;CANOPUS ADM CONSÓRCIOS                                      ;2;MG;32
202312;CANOPUS ADM CONSÓRCIOS                                      ;3;MG;485
202312;CANOPUS ADM CONSÓRCIOS                                      ;4;MG;35
202312;CANOPUS ADM CONSÓRCIOS                                      ;5;MG;0
202312;CANOPUS ADM CONSÓRCIOS                                      ;6;MG;19
202312;CANOPUS ADM CONSÓRCIOS                                      ;1;MS;14
202312;CANOPUS ADM CONSÓRCIOS                                      ;2;MS;4
202312;CANOPUS ADM CONSÓRCIOS                                      ;3;MS;220
202312;CANOPUS ADM CONSÓRCIOS                                      ;4;MS;2
202312;CANOPUS ADM CONSÓRCIOS                                      ;5;MS;1
202312;CANOPUS ADM CONSÓRCIOS                                      ;6;MS;1
202312;CANOPUS ADM CONSÓRCIOS                                      ;1;MT;26
202312;CANOPUS ADM CONSÓRCIOS                                      ;2;MT;6
202312;CANOPUS ADM CONSÓRCIOS                                      ;3;MT;393
202312;CANOPUS ADM CONSÓRCIOS                                      ;4;MT;31
202312;CANOPUS ADM CONSÓRCIOS                                      ;5;MT;1
202312;CANOPUS ADM CONSÓRCIOS                                      ;6;MT;17
202312;CANOPUS ADM CONSÓRCIOS                                      ;1;PA;10
202312;CANOPUS ADM CONSÓRCIOS                                      ;2;PA;5
202312;CANOPUS ADM CONSÓRCIOS                                      ;3;PA;216
202312;CANOPUS ADM CONSÓRCIOS                                      ;4;PA;14
202312;CANOPUS ADM CONSÓRCIOS                                      ;5;PA;0
202312;CANOPUS ADM CONSÓRCIOS                                      ;6;PA;27
202312;CANOPUS ADM CONSÓRCIOS                                      ;1;PB;1
202312;CANOPUS ADM CONSÓRCIOS                                      ;2;PB;2
202312;CANOPUS ADM CONSÓRCIOS                                      ;3;PB;14
202312;CANOPUS ADM CONSÓRCIOS                                      ;4;PB;2
202312;CANOPUS ADM CONSÓRCIOS                                      ;5;PB;0
202312;CANOPUS ADM CONSÓRCIOS                                      ;6;PB;0
202312;CANOPUS ADM CONSÓRCIOS                                      ;1;PE;17
202312;CANOPUS ADM CONSÓRCIOS                                      ;2;PE;0
202312;CANOPUS ADM CONSÓRCIOS                                      ;3;PE;125
202312;CANOPUS ADM CONSÓRCIOS                                      ;4;PE;7
202312;CANOPUS ADM CONSÓRCIOS                                      ;5;PE;0
202312;CANOPUS ADM CONSÓRCIOS                                      ;6;PE;2
202312;CANOPUS ADM CONSÓRCIOS                                      ;1;PI;21
202312;CANOPUS ADM CONSÓRCIOS                                      ;2;PI;2
202312;CANOPUS ADM CONSÓRCIOS                                      ;3;PI;441
202312;CANOPUS ADM CONSÓRCIOS                                      ;4;PI;12
202312;CANOPUS ADM CONSÓRCIOS                                      ;5;PI;0
202312;CANOPUS ADM CONSÓRCIOS                                      ;6;PI;19
202312;CANOPUS ADM CONSÓRCIOS                                      ;1;PR;55
202312;CANOPUS ADM CONSÓRCIOS                                      ;2;PR;3
202312;CANOPUS ADM CONSÓRCIOS                                      ;3;PR;149
202312;CANOPUS ADM CONSÓRCIOS                                      ;4;PR;5
202312;CANOPUS ADM CONSÓRCIOS                                      ;5;PR;2
202312;CANOPUS ADM CONSÓRCIOS                                      ;6;PR;23
202312;CANOPUS ADM CONSÓRCIOS                                      ;1;RJ;54
202312;CANOPUS ADM CONSÓRCIOS                                      ;2;RJ;12
202312;CANOPUS ADM CONSÓRCIOS                                      ;3;RJ;140
202312;CANOPUS ADM CONSÓRCIOS                                      ;4;RJ;15
202312;CANOPUS ADM CONSÓRCIOS                                      ;5;RJ;0
202312;CANOPUS ADM CONSÓRCIOS                                      ;6;RJ;2
202312;CANOPUS ADM CONSÓRCIOS                                      ;1;RN;5
202312;CANOPUS ADM CONSÓRCIOS                                      ;2;RN;0
202312;CANOPUS ADM CONSÓRCIOS                                      ;3;RN;18
202312;CANOPUS ADM CONSÓRCIOS                                      ;4;RN;0
202312;CANOPUS ADM CONSÓRCIOS                                      ;5;RN;0
202312;CANOPUS ADM CONSÓRCIOS                                      ;6;RN;1
202312;CANOPUS ADM CONSÓRCIOS                                      ;1;RO;7
202312;CANOPUS ADM CONSÓRCIOS                                      ;2;RO;3
202312;CANOPUS ADM CONSÓRCIOS                                      ;3;RO;63
202312;CANOPUS ADM CONSÓRCIOS                                      ;4;RO;10
202312;CANOPUS ADM CONSÓRCIOS                                      ;5;RO;1
202312;CANOPUS ADM CONSÓRCIOS                                      ;6;RO;4
202312;CANOPUS ADM CONSÓRCIOS                                      ;1;RR;0
202312;CANOPUS ADM CONSÓRCIOS                                      ;2;RR;0
202312;CANOPUS ADM CONSÓRCIOS                                      ;3;RR;0
202312;CANOPUS ADM CONSÓRCIOS                                      ;4;RR;0
202312;CANOPUS ADM CONSÓRCIOS                                      ;1;RS;10
202312;CANOPUS ADM CONSÓRCIOS                                      ;2;RS;0
202312;CANOPUS ADM CONSÓRCIOS                                      ;3;RS;10
202312;CANOPUS ADM CONSÓRCIOS                                      ;4;RS;1
202312;CANOPUS ADM CONSÓRCIOS                                      ;5;RS;1
202312;CANOPUS ADM CONSÓRCIOS                                      ;6;RS;2
202312;CANOPUS ADM CONSÓRCIOS                                      ;1;SC;16
202312;CANOPUS ADM CONSÓRCIOS                                      ;2;SC;5
202312;CANOPUS ADM CONSÓRCIOS                                      ;3;SC;65
202312;CANOPUS ADM CONSÓRCIOS                                      ;4;SC;2
202312;CANOPUS ADM CONSÓRCIOS                                      ;5;SC;0
202312;CANOPUS ADM CONSÓRCIOS                                      ;6;SC;3
202312;CANOPUS ADM CONSÓRCIOS                                      ;1;SE;6
202312;CANOPUS ADM CONSÓRCIOS                                      ;2;SE;0
202312;CANOPUS ADM CONSÓRCIOS                                      ;3;SE;32
202312;CANOPUS ADM CONSÓRCIOS                                      ;4;SE;6
202312;CANOPUS ADM CONSÓRCIOS                                      ;5;SE;0
202312;CANOPUS ADM CONSÓRCIOS                                      ;6;SE;1
202312;CANOPUS ADM CONSÓRCIOS                                      ;1;SP;179
202312;CANOPUS ADM CONSÓRCIOS                                      ;2;SP;9
202312;CANOPUS ADM CONSÓRCIOS                                      ;3;SP;816
202312;CANOPUS ADM CONSÓRCIOS                                      ;4;SP;68
202312;CANOPUS ADM CONSÓRCIOS                                      ;5;SP;1
202312;CANOPUS ADM CONSÓRCIOS                                      ;6;SP;44
202312;CANOPUS ADM CONSÓRCIOS                                      ;1;TO;2
202312;CANOPUS ADM CONSÓRCIOS                                      ;2;TO;4
202312;CANOPUS ADM CONSÓRCIOS                                      ;3;TO;137
202312;CANOPUS ADM CONSÓRCIOS                                      ;4;TO;12
202312;CANOPUS ADM CONSÓRCIOS                                      ;5;TO;1
202312;CANOPUS ADM CONSÓRCIOS                                      ;6;TO;8
202312;BAMAQ ADM CONS LTDA                                         ;1;AC;0
202312;BAMAQ ADM CONS LTDA                                         ;2;AC;0
202312;BAMAQ ADM CONS LTDA                                         ;3;AC;8
202312;BAMAQ ADM CONS LTDA                                         ;4;AC;13
202312;BAMAQ ADM CONS LTDA                                         ;1;AL;2
202312;BAMAQ ADM CONS LTDA                                         ;2;AL;0
202312;BAMAQ ADM CONS LTDA                                         ;3;AL;61
202312;BAMAQ ADM CONS LTDA                                         ;4;AL;68
202312;BAMAQ ADM CONS LTDA                                         ;1;AM;10
202312;BAMAQ ADM CONS LTDA                                         ;2;AM;0
202312;BAMAQ ADM CONS LTDA                                         ;3;AM;58
202312;BAMAQ ADM CONS LTDA                                         ;4;AM;94
202312;BAMAQ ADM CONS LTDA                                         ;1;AP;3
202312;BAMAQ ADM CONS LTDA                                         ;2;AP;0
202312;BAMAQ ADM CONS LTDA                                         ;3;AP;13
202312;BAMAQ ADM CONS LTDA                                         ;4;AP;17
202312;BAMAQ ADM CONS LTDA                                         ;1;BA;16
202312;BAMAQ ADM CONS LTDA                                         ;2;BA;0
202312;BAMAQ ADM CONS LTDA                                         ;3;BA;384
202312;BAMAQ ADM CONS LTDA                                         ;4;BA;280
202312;BAMAQ ADM CONS LTDA                                         ;1;CE;2
202312;BAMAQ ADM CONS LTDA                                         ;2;CE;0
202312;BAMAQ ADM CONS LTDA                                         ;3;CE;187
202312;BAMAQ ADM CONS LTDA                                         ;4;CE;198
202312;BAMAQ ADM CONS LTDA                                         ;1;DF;9
202312;BAMAQ ADM CONS LTDA                                         ;2;DF;2
202312;BAMAQ ADM CONS LTDA                                         ;3;DF;153
202312;BAMAQ ADM CONS LTDA                                         ;4;DF;64
202312;BAMAQ ADM CONS LTDA                                         ;1;ES;8
202312;BAMAQ ADM CONS LTDA                                         ;2;ES;0
202312;BAMAQ ADM CONS LTDA                                         ;3;ES;110
202312;BAMAQ ADM CONS LTDA                                         ;4;ES;95
202312;BAMAQ ADM CONS LTDA                                         ;1;GO;7
202312;BAMAQ ADM CONS LTDA                                         ;2;GO;3
202312;BAMAQ ADM CONS LTDA                                         ;3;GO;324
202312;BAMAQ ADM CONS LTDA                                         ;4;GO;180
202312;BAMAQ ADM CONS LTDA                                         ;1;MA;2
202312;BAMAQ ADM CONS LTDA                                         ;2;MA;0
202312;BAMAQ ADM CONS LTDA                                         ;3;MA;92
202312;BAMAQ ADM CONS LTDA                                         ;4;MA;120
202312;BAMAQ ADM CONS LTDA                                         ;1;MG;107
202312;BAMAQ ADM CONS LTDA                                         ;2;MG;27
202312;BAMAQ ADM CONS LTDA                                         ;3;MG;1488
202312;BAMAQ ADM CONS LTDA                                         ;4;MG;672
202312;BAMAQ ADM CONS LTDA                                         ;1;MS;6
202312;BAMAQ ADM CONS LTDA                                         ;2;MS;1
202312;BAMAQ ADM CONS LTDA                                         ;3;MS;102
202312;BAMAQ ADM CONS LTDA                                         ;4;MS;53
202312;BAMAQ ADM CONS LTDA                                         ;1;MT;7
202312;BAMAQ ADM CONS LTDA                                         ;2;MT;6
202312;BAMAQ ADM CONS LTDA                                         ;3;MT;126
202312;BAMAQ ADM CONS LTDA                                         ;4;MT;107
202312;BAMAQ ADM CONS LTDA                                         ;1;PA;6
202312;BAMAQ ADM CONS LTDA                                         ;2;PA;0
202312;BAMAQ ADM CONS LTDA                                         ;3;PA;128
202312;BAMAQ ADM CONS LTDA                                         ;4;PA;236
202312;BAMAQ ADM CONS LTDA                                         ;1;PB;4
202312;BAMAQ ADM CONS LTDA                                         ;2;PB;0
202312;BAMAQ ADM CONS LTDA                                         ;3;PB;56
202312;BAMAQ ADM CONS LTDA                                         ;4;PB;64
202312;BAMAQ ADM CONS LTDA                                         ;1;PE;7
202312;BAMAQ ADM CONS LTDA                                         ;2;PE;0
202312;BAMAQ ADM CONS LTDA                                         ;3;PE;161
202312;BAMAQ ADM CONS LTDA                                         ;4;PE;162
202312;BAMAQ ADM CONS LTDA                                         ;1;PI;4
202312;BAMAQ ADM CONS LTDA                                         ;2;PI;0
202312;BAMAQ ADM CONS LTDA                                         ;3;PI;59
202312;BAMAQ ADM CONS LTDA                                         ;4;PI;67
202312;BAMAQ ADM CONS LTDA                                         ;1;PR;10
202312;BAMAQ ADM CONS LTDA                                         ;2;PR;0
202312;BAMAQ ADM CONS LTDA                                         ;3;PR;224
202312;BAMAQ ADM CONS LTDA                                         ;4;PR;128
202312;BAMAQ ADM CONS LTDA                                         ;1;RJ;23
202312;BAMAQ ADM CONS LTDA                                         ;2;RJ;0
202312;BAMAQ ADM CONS LTDA                                         ;3;RJ;352
202312;BAMAQ ADM CONS LTDA                                         ;4;RJ;321
202312;BAMAQ ADM CONS LTDA                                         ;1;RN;4
202312;BAMAQ ADM CONS LTDA                                         ;2;RN;0
202312;BAMAQ ADM CONS LTDA                                         ;3;RN;68
202312;BAMAQ ADM CONS LTDA                                         ;4;RN;47
202312;BAMAQ ADM CONS LTDA                                         ;1;RO;2
202312;BAMAQ ADM CONS LTDA                                         ;2;RO;0
202312;BAMAQ ADM CONS LTDA                                         ;3;RO;36
202312;BAMAQ ADM CONS LTDA                                         ;4;RO;44
202312;BAMAQ ADM CONS LTDA                                         ;1;RR;0
202312;BAMAQ ADM CONS LTDA                                         ;2;RR;0
202312;BAMAQ ADM CONS LTDA                                         ;3;RR;16
202312;BAMAQ ADM CONS LTDA                                         ;4;RR;15
202312;BAMAQ ADM CONS LTDA                                         ;1;RS;5
202312;BAMAQ ADM CONS LTDA                                         ;2;RS;0
202312;BAMAQ ADM CONS LTDA                                         ;3;RS;173
202312;BAMAQ ADM CONS LTDA                                         ;4;RS;87
202312;BAMAQ ADM CONS LTDA                                         ;1;SC;12
202312;BAMAQ ADM CONS LTDA                                         ;2;SC;0
202312;BAMAQ ADM CONS LTDA                                         ;3;SC;155
202312;BAMAQ ADM CONS LTDA                                         ;4;SC;100
202312;BAMAQ ADM CONS LTDA                                         ;1;SE;3
202312;BAMAQ ADM CONS LTDA                                         ;2;SE;0
202312;BAMAQ ADM CONS LTDA                                         ;3;SE;45
202312;BAMAQ ADM CONS LTDA                                         ;4;SE;49
202312;BAMAQ ADM CONS LTDA                                         ;1;SP;90
202312;BAMAQ ADM CONS LTDA                                         ;2;SP;0
202312;BAMAQ ADM CONS LTDA                                         ;3;SP;1310
202312;BAMAQ ADM CONS LTDA                                         ;4;SP;801
202312;BAMAQ ADM CONS LTDA                                         ;1;TO;2
202312;BAMAQ ADM CONS LTDA                                         ;2;TO;0
202312;BAMAQ ADM CONS LTDA                                         ;3;TO;49
202312;BAMAQ ADM CONS LTDA                                         ;4;TO;47
202312;CAMVEL ADM. CONS. LTDA.                                     ;6;AC;0
202312;CAMVEL ADM. CONS. LTDA.                                     ;3;AP;0
202312;CAMVEL ADM. CONS. LTDA.                                     ;3;DF;0
202312;CAMVEL ADM. CONS. LTDA.                                     ;6;MG;0
202312;CAMVEL ADM. CONS. LTDA.                                     ;3;MS;0
202312;CAMVEL ADM. CONS. LTDA.                                     ;6;MS;0
202312;CAMVEL ADM. CONS. LTDA.                                     ;4;MT;0
202312;CAMVEL ADM. CONS. LTDA.                                     ;3;PR;1
202312;CAMVEL ADM. CONS. LTDA.                                     ;4;PR;0
202312;CAMVEL ADM. CONS. LTDA.                                     ;6;PR;0
202312;CAMVEL ADM. CONS. LTDA.                                     ;3;RJ;0
202312;CAMVEL ADM. CONS. LTDA.                                     ;6;RN;1
202312;CAMVEL ADM. CONS. LTDA.                                     ;3;RS;0
202312;CAMVEL ADM. CONS. LTDA.                                     ;4;RS;0
202312;CAMVEL ADM. CONS. LTDA.                                     ;3;SC;32
202312;CAMVEL ADM. CONS. LTDA.                                     ;4;SC;40
202312;CAMVEL ADM. CONS. LTDA.                                     ;6;SC;9
202312;CAMVEL ADM. CONS. LTDA.                                     ;3;SE;0
202312;CAMVEL ADM. CONS. LTDA.                                     ;3;SP;0
202312;CAMVEL ADM. CONS. LTDA.                                     ;6;SP;1
202312;ADM CONS RCI BRASIL LTDA                                    ;3;AC;11
202312;ADM CONS RCI BRASIL LTDA                                    ;3;AL;39
202312;ADM CONS RCI BRASIL LTDA                                    ;3;AM;27
202312;ADM CONS RCI BRASIL LTDA                                    ;3;AP;9
202312;ADM CONS RCI BRASIL LTDA                                    ;3;BA;822
202312;ADM CONS RCI BRASIL LTDA                                    ;3;CE;721
202312;ADM CONS RCI BRASIL LTDA                                    ;3;DF;54
202312;ADM CONS RCI BRASIL LTDA                                    ;3;ES;85
202312;ADM CONS RCI BRASIL LTDA                                    ;3;GO;148
202312;ADM CONS RCI BRASIL LTDA                                    ;3;MA;79
202312;ADM CONS RCI BRASIL LTDA                                    ;3;MG;266
202312;ADM CONS RCI BRASIL LTDA                                    ;3;MS;63
202312;ADM CONS RCI BRASIL LTDA                                    ;3;MT;102
202312;ADM CONS RCI BRASIL LTDA                                    ;3;PA;61
202312;ADM CONS RCI BRASIL LTDA                                    ;3;PB;63
202312;ADM CONS RCI BRASIL LTDA                                    ;3;PE;206
202312;ADM CONS RCI BRASIL LTDA                                    ;3;PI;55
202312;ADM CONS RCI BRASIL LTDA                                    ;3;PR;158
202312;ADM CONS RCI BRASIL LTDA                                    ;3;RJ;404
202312;ADM CONS RCI BRASIL LTDA                                    ;3;RN;32
202312;ADM CONS RCI BRASIL LTDA                                    ;3;RO;20
202312;ADM CONS RCI BRASIL LTDA                                    ;3;RR;8
202312;ADM CONS RCI BRASIL LTDA                                    ;3;RS;127
202312;ADM CONS RCI BRASIL LTDA                                    ;3;SC;123
202312;ADM CONS RCI BRASIL LTDA                                    ;3;SE;273
202312;ADM CONS RCI BRASIL LTDA                                    ;3;SP;863
202312;ADM CONS RCI BRASIL LTDA                                    ;3;TO;75
202312;BREITKOPF ADM CONS LTDA                                     ;1;AM;2
202312;BREITKOPF ADM CONS LTDA                                     ;2;BA;0
202312;BREITKOPF ADM CONS LTDA                                     ;3;BA;0
202312;BREITKOPF ADM CONS LTDA                                     ;1;CE;0
202312;BREITKOPF ADM CONS LTDA                                     ;3;DF;0
202312;BREITKOPF ADM CONS LTDA                                     ;3;ES;0
202312;BREITKOPF ADM CONS LTDA                                     ;1;GO;0
202312;BREITKOPF ADM CONS LTDA                                     ;2;GO;1
202312;BREITKOPF ADM CONS LTDA                                     ;1;MA;0
202312;BREITKOPF ADM CONS LTDA                                     ;1;MG;3
202312;BREITKOPF ADM CONS LTDA                                     ;2;MG;0
202312;BREITKOPF ADM CONS LTDA                                     ;3;MG;0
202312;BREITKOPF ADM CONS LTDA                                     ;4;MG;0
202312;BREITKOPF ADM CONS LTDA                                     ;1;MS;2
202312;BREITKOPF ADM CONS LTDA                                     ;3;MS;0
202312;BREITKOPF ADM CONS LTDA                                     ;4;MS;0
202312;BREITKOPF ADM CONS LTDA                                     ;1;MT;18
202312;BREITKOPF ADM CONS LTDA                                     ;3;MT;2
202312;BREITKOPF ADM CONS LTDA                                     ;4;MT;2
202312;BREITKOPF ADM CONS LTDA                                     ;1;PA;0
202312;BREITKOPF ADM CONS LTDA                                     ;2;PA;0
202312;BREITKOPF ADM CONS LTDA                                     ;3;PA;0
202312;BREITKOPF ADM CONS LTDA                                     ;4;PA;0
202312;BREITKOPF ADM CONS LTDA                                     ;1;PR;15
202312;BREITKOPF ADM CONS LTDA                                     ;2;PR;1
202312;BREITKOPF ADM CONS LTDA                                     ;3;PR;23
202312;BREITKOPF ADM CONS LTDA                                     ;4;PR;8
202312;BREITKOPF ADM CONS LTDA                                     ;3;RJ;5
202312;BREITKOPF ADM CONS LTDA                                     ;4;RJ;0
202312;BREITKOPF ADM CONS LTDA                                     ;1;RS;2
202312;BREITKOPF ADM CONS LTDA                                     ;2;RS;0
202312;BREITKOPF ADM CONS LTDA                                     ;3;RS;0
202312;BREITKOPF ADM CONS LTDA                                     ;4;RS;0
202312;BREITKOPF ADM CONS LTDA                                     ;1;SC;91
202312;BREITKOPF ADM CONS LTDA                                     ;2;SC;28
202312;BREITKOPF ADM CONS LTDA                                     ;3;SC;205
202312;BREITKOPF ADM CONS LTDA                                     ;4;SC;42
202312;BREITKOPF ADM CONS LTDA                                     ;1;SP;17
202312;BREITKOPF ADM CONS LTDA                                     ;2;SP;0
202312;BREITKOPF ADM CONS LTDA                                     ;3;SP;3
202312;BREITKOPF ADM CONS LTDA                                     ;4;SP;0
202312;HS ADM CONS LTDA                                            ;1;AC;0
202312;HS ADM CONS LTDA                                            ;3;AC;1
202312;HS ADM CONS LTDA                                            ;1;AL;5
202312;HS ADM CONS LTDA                                            ;3;AL;9
202312;HS ADM CONS LTDA                                            ;1;AM;12
202312;HS ADM CONS LTDA                                            ;3;AM;1
202312;HS ADM CONS LTDA                                            ;1;AP;9
202312;HS ADM CONS LTDA                                            ;3;AP;1
202312;HS ADM CONS LTDA                                            ;1;BA;23
202312;HS ADM CONS LTDA                                            ;3;BA;32
202312;HS ADM CONS LTDA                                            ;1;CE;21
202312;HS ADM CONS LTDA                                            ;3;CE;17
202312;HS ADM CONS LTDA                                            ;1;DF;148
202312;HS ADM CONS LTDA                                            ;3;DF;73
202312;HS ADM CONS LTDA                                            ;1;ES;68
202312;HS ADM CONS LTDA                                            ;3;ES;82
202312;HS ADM CONS LTDA                                            ;1;GO;484
202312;HS ADM CONS LTDA                                            ;3;GO;606
202312;HS ADM CONS LTDA                                            ;1;MA;13
202312;HS ADM CONS LTDA                                            ;3;MA;13
202312;HS ADM CONS LTDA                                            ;1;MG;681
202312;HS ADM CONS LTDA                                            ;3;MG;671
202312;HS ADM CONS LTDA                                            ;1;MS;259
202312;HS ADM CONS LTDA                                            ;3;MS;265
202312;HS ADM CONS LTDA                                            ;1;MT;576
202312;HS ADM CONS LTDA                                            ;3;MT;692
202312;HS ADM CONS LTDA                                            ;1;PA;30
202312;HS ADM CONS LTDA                                            ;3;PA;14
202312;HS ADM CONS LTDA                                            ;1;PB;19
202312;HS ADM CONS LTDA                                            ;3;PB;5
202312;HS ADM CONS LTDA                                            ;1;PE;18
202312;HS ADM CONS LTDA                                            ;3;PE;8
202312;HS ADM CONS LTDA                                            ;1;PI;4
202312;HS ADM CONS LTDA                                            ;3;PI;9
202312;HS ADM CONS LTDA                                            ;1;PR;1761
202312;HS ADM CONS LTDA                                            ;3;PR;1313
202312;HS ADM CONS LTDA                                            ;1;RJ;131
202312;HS ADM CONS LTDA                                            ;3;RJ;33
202312;HS ADM CONS LTDA                                            ;1;RN;12
202312;HS ADM CONS LTDA                                            ;3;RN;6
202312;HS ADM CONS LTDA                                            ;1;RO;18
202312;HS ADM CONS LTDA                                            ;3;RO;7
202312;HS ADM CONS LTDA                                            ;1;RR;8
202312;HS ADM CONS LTDA                                            ;3;RR;3
202312;HS ADM CONS LTDA                                            ;1;RS;4470
202312;HS ADM CONS LTDA                                            ;3;RS;3853
202312;HS ADM CONS LTDA                                            ;1;SC;1193
202312;HS ADM CONS LTDA                                            ;3;SC;991
202312;HS ADM CONS LTDA                                            ;1;SE;2
202312;HS ADM CONS LTDA                                            ;3;SE;3
202312;HS ADM CONS LTDA                                            ;1;SP;1604
202312;HS ADM CONS LTDA                                            ;3;SP;1245
202312;HS ADM CONS LTDA                                            ;1;TO;68
202312;HS ADM CONS LTDA                                            ;3;TO;67
202312;CONSORCIO VOLVO                                             ;2;AC;1
202312;CONSORCIO VOLVO                                             ;2;AL;1
202312;CONSORCIO VOLVO                                             ;2;AM;11
202312;CONSORCIO VOLVO                                             ;2;AP;1
202312;CONSORCIO VOLVO                                             ;2;BA;22
202312;CONSORCIO VOLVO                                             ;2;CE;20
202312;CONSORCIO VOLVO                                             ;2;DF;0
202312;CONSORCIO VOLVO                                             ;2;ES;5
202312;CONSORCIO VOLVO                                             ;2;GO;9
202312;CONSORCIO VOLVO                                             ;2;MA;3
202312;CONSORCIO VOLVO                                             ;2;MG;48
202312;CONSORCIO VOLVO                                             ;2;MS;5
202312;CONSORCIO VOLVO                                             ;2;MT;23
202312;CONSORCIO VOLVO                                             ;2;PA;11
202312;CONSORCIO VOLVO                                             ;2;PB;1
202312;CONSORCIO VOLVO                                             ;2;PE;5
202312;CONSORCIO VOLVO                                             ;2;PI;12
202312;CONSORCIO VOLVO                                             ;2;PR;75
202312;CONSORCIO VOLVO                                             ;2;RJ;1
202312;CONSORCIO VOLVO                                             ;2;RN;3
202312;CONSORCIO VOLVO                                             ;2;RO;6
202312;CONSORCIO VOLVO                                             ;2;RR;2
202312;CONSORCIO VOLVO                                             ;2;RS;53
202312;CONSORCIO VOLVO                                             ;2;SC;57
202312;CONSORCIO VOLVO                                             ;2;SE;1
202312;CONSORCIO VOLVO                                             ;2;SP;133
202312;CONSORCIO VOLVO                                             ;2;TO;1
202312;CONBR ADM CONS S.A.                                         ;3;AC;9
202312;CONBR ADM CONS S.A.                                         ;3;AL;4
202312;CONBR ADM CONS S.A.                                         ;2;AP;0
202312;CONBR ADM CONS S.A.                                         ;3;BA;9
202312;CONBR ADM CONS S.A.                                         ;2;CE;2
202312;CONBR ADM CONS S.A.                                         ;3;CE;4
202312;CONBR ADM CONS S.A.                                         ;3;DF;0
202312;CONBR ADM CONS S.A.                                         ;2;ES;2
202312;CONBR ADM CONS S.A.                                         ;3;ES;0
202312;CONBR ADM CONS S.A.                                         ;2;GO;0
202312;CONBR ADM CONS S.A.                                         ;3;GO;1
202312;CONBR ADM CONS S.A.                                         ;2;MA;1
202312;CONBR ADM CONS S.A.                                         ;3;MA;8
202312;CONBR ADM CONS S.A.                                         ;2;MG;0
202312;CONBR ADM CONS S.A.                                         ;3;MG;1
202312;CONBR ADM CONS S.A.                                         ;2;MS;2
202312;CONBR ADM CONS S.A.                                         ;3;MS;0
202312;CONBR ADM CONS S.A.                                         ;2;MT;13
202312;CONBR ADM CONS S.A.                                         ;3;MT;11
202312;CONBR ADM CONS S.A.                                         ;2;PA;1
202312;CONBR ADM CONS S.A.                                         ;3;PA;24
202312;CONBR ADM CONS S.A.                                         ;3;PB;0
202312;CONBR ADM CONS S.A.                                         ;2;PE;0
202312;CONBR ADM CONS S.A.                                         ;3;PE;1
202312;CONBR ADM CONS S.A.                                         ;2;PI;2
202312;CONBR ADM CONS S.A.                                         ;3;PI;0
202312;CONBR ADM CONS S.A.                                         ;2;PR;4
202312;CONBR ADM CONS S.A.                                         ;3;PR;3
202312;CONBR ADM CONS S.A.                                         ;2;RO;0
202312;CONBR ADM CONS S.A.                                         ;3;RO;3
202312;CONBR ADM CONS S.A.                                         ;3;RS;0
202312;CONBR ADM CONS S.A.                                         ;2;SC;2
202312;CONBR ADM CONS S.A.                                         ;3;SC;8
202312;CONBR ADM CONS S.A.                                         ;3;SE;1
202312;CONBR ADM CONS S.A.                                         ;2;SP;3
202312;CONBR ADM CONS S.A.                                         ;3;SP;2
202312;SERVOPA ADM CONSÓRCIOS                                      ;1;AC;2
202312;SERVOPA ADM CONSÓRCIOS                                      ;3;AC;0
202312;SERVOPA ADM CONSÓRCIOS                                      ;1;AL;5
202312;SERVOPA ADM CONSÓRCIOS                                      ;2;AL;0
202312;SERVOPA ADM CONSÓRCIOS                                      ;3;AL;1
202312;SERVOPA ADM CONSÓRCIOS                                      ;1;AM;5
202312;SERVOPA ADM CONSÓRCIOS                                      ;3;AM;0
202312;SERVOPA ADM CONSÓRCIOS                                      ;4;AM;0
202312;SERVOPA ADM CONSÓRCIOS                                      ;1;AP;2
202312;SERVOPA ADM CONSÓRCIOS                                      ;2;AP;0
202312;SERVOPA ADM CONSÓRCIOS                                      ;1;BA;20
202312;SERVOPA ADM CONSÓRCIOS                                      ;2;BA;0
202312;SERVOPA ADM CONSÓRCIOS                                      ;3;BA;16
202312;SERVOPA ADM CONSÓRCIOS                                      ;4;BA;0
202312;SERVOPA ADM CONSÓRCIOS                                      ;1;CE;12
202312;SERVOPA ADM CONSÓRCIOS                                      ;3;CE;2
202312;SERVOPA ADM CONSÓRCIOS                                      ;4;CE;0
202312;SERVOPA ADM CONSÓRCIOS                                      ;1;DF;42
202312;SERVOPA ADM CONSÓRCIOS                                      ;2;DF;0
202312;SERVOPA ADM CONSÓRCIOS                                      ;3;DF;15
202312;SERVOPA ADM CONSÓRCIOS                                      ;4;DF;0
202312;SERVOPA ADM CONSÓRCIOS                                      ;1;ES;75
202312;SERVOPA ADM CONSÓRCIOS                                      ;3;ES;24
202312;SERVOPA ADM CONSÓRCIOS                                      ;4;ES;1
202312;SERVOPA ADM CONSÓRCIOS                                      ;1;GO;99
202312;SERVOPA ADM CONSÓRCIOS                                      ;2;GO;0
202312;SERVOPA ADM CONSÓRCIOS                                      ;3;GO;73
202312;SERVOPA ADM CONSÓRCIOS                                      ;4;GO;0
202312;SERVOPA ADM CONSÓRCIOS                                      ;1;MA;3
202312;SERVOPA ADM CONSÓRCIOS                                      ;3;MA;8
202312;SERVOPA ADM CONSÓRCIOS                                      ;1;MG;381
202312;SERVOPA ADM CONSÓRCIOS                                      ;2;MG;0
202312;SERVOPA ADM CONSÓRCIOS                                      ;3;MG;160
202312;SERVOPA ADM CONSÓRCIOS                                      ;4;MG;1
202312;SERVOPA ADM CONSÓRCIOS                                      ;1;MS;111
202312;SERVOPA ADM CONSÓRCIOS                                      ;2;MS;0
202312;SERVOPA ADM CONSÓRCIOS                                      ;3;MS;52
202312;SERVOPA ADM CONSÓRCIOS                                      ;4;MS;0
202312;SERVOPA ADM CONSÓRCIOS                                      ;1;MT;35
202312;SERVOPA ADM CONSÓRCIOS                                      ;2;MT;0
202312;SERVOPA ADM CONSÓRCIOS                                      ;3;MT;22
202312;SERVOPA ADM CONSÓRCIOS                                      ;4;MT;0
202312;SERVOPA ADM CONSÓRCIOS                                      ;1;PA;22
202312;SERVOPA ADM CONSÓRCIOS                                      ;2;PA;0
202312;SERVOPA ADM CONSÓRCIOS                                      ;3;PA;1
202312;SERVOPA ADM CONSÓRCIOS                                      ;4;PA;1
202312;SERVOPA ADM CONSÓRCIOS                                      ;1;PB;6
202312;SERVOPA ADM CONSÓRCIOS                                      ;3;PB;0
202312;SERVOPA ADM CONSÓRCIOS                                      ;4;PB;0
202312;SERVOPA ADM CONSÓRCIOS                                      ;1;PE;20
202312;SERVOPA ADM CONSÓRCIOS                                      ;3;PE;4
202312;SERVOPA ADM CONSÓRCIOS                                      ;4;PE;4
202312;SERVOPA ADM CONSÓRCIOS                                      ;1;PI;4
202312;SERVOPA ADM CONSÓRCIOS                                      ;3;PI;1
202312;SERVOPA ADM CONSÓRCIOS                                      ;4;PI;0
202312;SERVOPA ADM CONSÓRCIOS                                      ;1;PR;2191
202312;SERVOPA ADM CONSÓRCIOS                                      ;2;PR;10
202312;SERVOPA ADM CONSÓRCIOS                                      ;3;PR;2208
202312;SERVOPA ADM CONSÓRCIOS                                      ;4;PR;74
202312;SERVOPA ADM CONSÓRCIOS                                      ;1;RJ;34
202312;SERVOPA ADM CONSÓRCIOS                                      ;3;RJ;14
202312;SERVOPA ADM CONSÓRCIOS                                      ;4;RJ;0
202312;SERVOPA ADM CONSÓRCIOS                                      ;1;RN;4
202312;SERVOPA ADM CONSÓRCIOS                                      ;3;RN;2
202312;SERVOPA ADM CONSÓRCIOS                                      ;4;RN;0
202312;SERVOPA ADM CONSÓRCIOS                                      ;1;RO;12
202312;SERVOPA ADM CONSÓRCIOS                                      ;3;RO;2
202312;SERVOPA ADM CONSÓRCIOS                                      ;4;RO;0
202312;SERVOPA ADM CONSÓRCIOS                                      ;1;RR;4
202312;SERVOPA ADM CONSÓRCIOS                                      ;3;RR;2
202312;SERVOPA ADM CONSÓRCIOS                                      ;4;RR;0
202312;SERVOPA ADM CONSÓRCIOS                                      ;1;RS;660
202312;SERVOPA ADM CONSÓRCIOS                                      ;2;RS;2
202312;SERVOPA ADM CONSÓRCIOS                                      ;3;RS;195
202312;SERVOPA ADM CONSÓRCIOS                                      ;4;RS;1
202312;SERVOPA ADM CONSÓRCIOS                                      ;1;SC;527
202312;SERVOPA ADM CONSÓRCIOS                                      ;2;SC;0
202312;SERVOPA ADM CONSÓRCIOS                                      ;3;SC;260
202312;SERVOPA ADM CONSÓRCIOS                                      ;4;SC;19
202312;SERVOPA ADM CONSÓRCIOS                                      ;1;SE;0
202312;SERVOPA ADM CONSÓRCIOS                                      ;3;SE;1
202312;SERVOPA ADM CONSÓRCIOS                                      ;4;SE;2
202312;SERVOPA ADM CONSÓRCIOS                                      ;1;SP;695
202312;SERVOPA ADM CONSÓRCIOS                                      ;2;SP;0
202312;SERVOPA ADM CONSÓRCIOS                                      ;3;SP;367
202312;SERVOPA ADM CONSÓRCIOS                                      ;4;SP;7
202312;SERVOPA ADM CONSÓRCIOS                                      ;1;TO;5
202312;SERVOPA ADM CONSÓRCIOS                                      ;3;TO;8
202312;SERVOPA ADM CONSÓRCIOS                                      ;4;TO;0
202312;MENEGALLI ADM CONS LTDA                                     ;4;AM;0
202312;MENEGALLI ADM CONS LTDA                                     ;5;AM;0
202312;MENEGALLI ADM CONS LTDA                                     ;1;BA;0
202312;MENEGALLI ADM CONS LTDA                                     ;3;BA;0
202312;MENEGALLI ADM CONS LTDA                                     ;4;BA;0
202312;MENEGALLI ADM CONS LTDA                                     ;3;CE;0
202312;MENEGALLI ADM CONS LTDA                                     ;1;DF;0
202312;MENEGALLI ADM CONS LTDA                                     ;1;GO;0
202312;MENEGALLI ADM CONS LTDA                                     ;1;MG;0
202312;MENEGALLI ADM CONS LTDA                                     ;3;MG;0
202312;MENEGALLI ADM CONS LTDA                                     ;4;MG;0
202312;MENEGALLI ADM CONS LTDA                                     ;1;MT;0
202312;MENEGALLI ADM CONS LTDA                                     ;1;PA;0
202312;MENEGALLI ADM CONS LTDA                                     ;1;PR;0
202312;MENEGALLI ADM CONS LTDA                                     ;3;PR;3
202312;MENEGALLI ADM CONS LTDA                                     ;4;PR;1
202312;MENEGALLI ADM CONS LTDA                                     ;5;PR;1
202312;MENEGALLI ADM CONS LTDA                                     ;1;RJ;0
202312;MENEGALLI ADM CONS LTDA                                     ;1;RN;0
202312;MENEGALLI ADM CONS LTDA                                     ;1;RS;0
202312;MENEGALLI ADM CONS LTDA                                     ;3;RS;42
202312;MENEGALLI ADM CONS LTDA                                     ;4;RS;53
202312;MENEGALLI ADM CONS LTDA                                     ;5;RS;5
202312;MENEGALLI ADM CONS LTDA                                     ;1;SC;0
202312;MENEGALLI ADM CONS LTDA                                     ;3;SC;95
202312;MENEGALLI ADM CONS LTDA                                     ;4;SC;42
202312;MENEGALLI ADM CONS LTDA                                     ;5;SC;27
202312;MENEGALLI ADM CONS LTDA                                     ;1;SP;0
202312;MENEGALLI ADM CONS LTDA                                     ;3;SP;0
202312;MENEGALLI ADM CONS LTDA                                     ;4;SP;0
202312;MENEGALLI ADM CONS LTDA                                     ;5;SP;0
202312;CONSÓRCIO TRIÂNGULO                                         ;1;AL;0
202312;CONSÓRCIO TRIÂNGULO                                         ;3;AM;0
202312;CONSÓRCIO TRIÂNGULO                                         ;1;BA;0
202312;CONSÓRCIO TRIÂNGULO                                         ;3;BA;0
202312;CONSÓRCIO TRIÂNGULO                                         ;4;BA;0
202312;CONSÓRCIO TRIÂNGULO                                         ;3;CE;0
202312;CONSÓRCIO TRIÂNGULO                                         ;1;DF;0
202312;CONSÓRCIO TRIÂNGULO                                         ;1;ES;0
202312;CONSÓRCIO TRIÂNGULO                                         ;1;GO;0
202312;CONSÓRCIO TRIÂNGULO                                         ;3;GO;0
202312;CONSÓRCIO TRIÂNGULO                                         ;4;GO;0
202312;CONSÓRCIO TRIÂNGULO                                         ;6;GO;0
202312;CONSÓRCIO TRIÂNGULO                                         ;1;MA;0
202312;CONSÓRCIO TRIÂNGULO                                         ;3;MA;0
202312;CONSÓRCIO TRIÂNGULO                                         ;4;MA;0
202312;CONSÓRCIO TRIÂNGULO                                         ;1;MG;0
202312;CONSÓRCIO TRIÂNGULO                                         ;3;MG;0
202312;CONSÓRCIO TRIÂNGULO                                         ;4;MG;0
202312;CONSÓRCIO TRIÂNGULO                                         ;6;MG;0
202312;CONSÓRCIO TRIÂNGULO                                         ;1;MS;0
202312;CONSÓRCIO TRIÂNGULO                                         ;3;MS;0
202312;CONSÓRCIO TRIÂNGULO                                         ;4;MS;0
202312;CONSÓRCIO TRIÂNGULO                                         ;6;MS;0
202312;CONSÓRCIO TRIÂNGULO                                         ;1;MT;0
202312;CONSÓRCIO TRIÂNGULO                                         ;3;MT;0
202312;CONSÓRCIO TRIÂNGULO                                         ;4;MT;0
202312;CONSÓRCIO TRIÂNGULO                                         ;6;MT;0
202312;CONSÓRCIO TRIÂNGULO                                         ;3;PA;0
202312;CONSÓRCIO TRIÂNGULO                                         ;1;PE;0
202312;CONSÓRCIO TRIÂNGULO                                         ;1;PR;97
202312;CONSÓRCIO TRIÂNGULO                                         ;3;PR;150
202312;CONSÓRCIO TRIÂNGULO                                         ;4;PR;27
202312;CONSÓRCIO TRIÂNGULO                                         ;6;PR;19
202312;CONSÓRCIO TRIÂNGULO                                         ;3;RJ;0
202312;CONSÓRCIO TRIÂNGULO                                         ;4;RJ;0
202312;CONSÓRCIO TRIÂNGULO                                         ;6;RN;0
202312;CONSÓRCIO TRIÂNGULO                                         ;3;RO;0
202312;CONSÓRCIO TRIÂNGULO                                         ;6;RO;0
202312;CONSÓRCIO TRIÂNGULO                                         ;1;RS;1
202312;CONSÓRCIO TRIÂNGULO                                         ;3;RS;1
202312;CONSÓRCIO TRIÂNGULO                                         ;6;RS;0
202312;CONSÓRCIO TRIÂNGULO                                         ;1;SC;0
202312;CONSÓRCIO TRIÂNGULO                                         ;3;SC;0
202312;CONSÓRCIO TRIÂNGULO                                         ;4;SC;0
202312;CONSÓRCIO TRIÂNGULO                                         ;6;SC;0
202312;CONSÓRCIO TRIÂNGULO                                         ;1;SP;0
202312;CONSÓRCIO TRIÂNGULO                                         ;3;SP;0
202312;CONSÓRCIO TRIÂNGULO                                         ;4;SP;0
202312;CONSÓRCIO TRIÂNGULO                                         ;6;SP;0
202312;CONSÓRCIO TRIÂNGULO                                         ;3;TO;1
202312;CONSÓRCIO TRIÂNGULO                                         ;4;TO;0
202312;FIPAL                                                       ;1;AC;1
202312;FIPAL                                                       ;3;AC;0
202312;FIPAL                                                       ;4;AL;0
202312;FIPAL                                                       ;1;BA;0
202312;FIPAL                                                       ;3;BA;2
202312;FIPAL                                                       ;1;DF;1
202312;FIPAL                                                       ;3;DF;2
202312;FIPAL                                                       ;1;ES;0
202312;FIPAL                                                       ;1;GO;0
202312;FIPAL                                                       ;3;GO;2
202312;FIPAL                                                       ;3;MA;0
202312;FIPAL                                                       ;1;MG;0
202312;FIPAL                                                       ;3;MG;0
202312;FIPAL                                                       ;6;MG;0
202312;FIPAL                                                       ;1;MS;0
202312;FIPAL                                                       ;3;MS;1
202312;FIPAL                                                       ;4;MS;0
202312;FIPAL                                                       ;1;MT;0
202312;FIPAL                                                       ;3;MT;0
202312;FIPAL                                                       ;4;MT;0
202312;FIPAL                                                       ;6;MT;0
202312;FIPAL                                                       ;3;PA;0
202312;FIPAL                                                       ;1;PE;0
202312;FIPAL                                                       ;4;PE;0
202312;FIPAL                                                       ;1;PR;23
202312;FIPAL                                                       ;3;PR;328
202312;FIPAL                                                       ;4;PR;1
202312;FIPAL                                                       ;6;PR;5
202312;FIPAL                                                       ;4;RJ;0
202312;FIPAL                                                       ;3;RN;0
202312;FIPAL                                                       ;6;RN;0
202312;FIPAL                                                       ;3;RO;1
202312;FIPAL                                                       ;1;RR;1
202312;FIPAL                                                       ;1;RS;0
202312;FIPAL                                                       ;3;RS;0
202312;FIPAL                                                       ;4;RS;0
202312;FIPAL                                                       ;1;SC;1
202312;FIPAL                                                       ;3;SC;3
202312;FIPAL                                                       ;4;SC;0
202312;FIPAL                                                       ;6;SC;0
202312;FIPAL                                                       ;1;SP;0
202312;FIPAL                                                       ;3;SP;2
202312;FIPAL                                                       ;4;SP;0
202312;FIPAL                                                       ;6;SP;0
202312;FIPAL                                                       ;1;TO;0
202312;RIVEL ADM.CONSORCIOS                                        ;1;AC;0
202312;RIVEL ADM.CONSORCIOS                                        ;3;AC;0
202312;RIVEL ADM.CONSORCIOS                                        ;3;AM;0
202312;RIVEL ADM.CONSORCIOS                                        ;1;AP;0
202312;RIVEL ADM.CONSORCIOS                                        ;1;BA;1
202312;RIVEL ADM.CONSORCIOS                                        ;3;BA;0
202312;RIVEL ADM.CONSORCIOS                                        ;4;BA;1
202312;RIVEL ADM.CONSORCIOS                                        ;1;GO;0
202312;RIVEL ADM.CONSORCIOS                                        ;3;GO;0
202312;RIVEL ADM.CONSORCIOS                                        ;3;MA;0
202312;RIVEL ADM.CONSORCIOS                                        ;1;MG;0
202312;RIVEL ADM.CONSORCIOS                                        ;3;MG;0
202312;RIVEL ADM.CONSORCIOS                                        ;4;MG;0
202312;RIVEL ADM.CONSORCIOS                                        ;1;MS;9
202312;RIVEL ADM.CONSORCIOS                                        ;3;MS;4
202312;RIVEL ADM.CONSORCIOS                                        ;4;MS;2
202312;RIVEL ADM.CONSORCIOS                                        ;1;MT;3
202312;RIVEL ADM.CONSORCIOS                                        ;3;MT;0
202312;RIVEL ADM.CONSORCIOS                                        ;4;MT;0
202312;RIVEL ADM.CONSORCIOS                                        ;1;PA;0
202312;RIVEL ADM.CONSORCIOS                                        ;3;PA;0
202312;RIVEL ADM.CONSORCIOS                                        ;1;PI;0
202312;RIVEL ADM.CONSORCIOS                                        ;1;PR;371
202312;RIVEL ADM.CONSORCIOS                                        ;3;PR;181
202312;RIVEL ADM.CONSORCIOS                                        ;4;PR;67
202312;RIVEL ADM.CONSORCIOS                                        ;4;RJ;0
202312;RIVEL ADM.CONSORCIOS                                        ;1;RS;0
202312;RIVEL ADM.CONSORCIOS                                        ;3;RS;0
202312;RIVEL ADM.CONSORCIOS                                        ;1;SC;1
202312;RIVEL ADM.CONSORCIOS                                        ;3;SC;0
202312;RIVEL ADM.CONSORCIOS                                        ;4;SC;1
202312;RIVEL ADM.CONSORCIOS                                        ;1;SP;1
202312;RIVEL ADM.CONSORCIOS                                        ;3;SP;1
202312;RIVEL ADM.CONSORCIOS                                        ;4;SP;0
202312;RIVEL ADM.CONSORCIOS                                        ;1;TO;1
202312;RIVEL ADM.CONSORCIOS                                        ;3;TO;0
202312;SANTA FÉ ADM CONS LTDA                                      ;3;PR;0
202312;SANTA FÉ ADM CONS LTDA                                      ;3;SC;17
202312;GAMBATTO ADM CONS LTDA                                      ;3;MG;2
202312;GAMBATTO ADM CONS LTDA                                      ;4;MG;0
202312;GAMBATTO ADM CONS LTDA                                      ;3;MS;1
202312;GAMBATTO ADM CONS LTDA                                      ;3;MT;0
202312;GAMBATTO ADM CONS LTDA                                      ;4;MT;0
202312;GAMBATTO ADM CONS LTDA                                      ;3;PR;1
202312;GAMBATTO ADM CONS LTDA                                      ;4;PR;0
202312;GAMBATTO ADM CONS LTDA                                      ;3;RS;18
202312;GAMBATTO ADM CONS LTDA                                      ;4;RS;8
202312;GAMBATTO ADM CONS LTDA                                      ;3;SC;133
202312;GAMBATTO ADM CONS LTDA                                      ;4;SC;60
202312;GAMBATTO ADM CONS LTDA                                      ;3;SP;0
202312;GAMBATTO ADM CONS LTDA                                      ;4;SP;0
202312;UNIÃO CATARINENSE ADM CONS LTD                              ;1;AC;0
202312;UNIÃO CATARINENSE ADM CONS LTD                              ;1;AL;0
202312;UNIÃO CATARINENSE ADM CONS LTD                              ;3;AL;0
202312;UNIÃO CATARINENSE ADM CONS LTD                              ;1;AP;0
202312;UNIÃO CATARINENSE ADM CONS LTD                              ;1;BA;0
202312;UNIÃO CATARINENSE ADM CONS LTD                              ;3;BA;0
202312;UNIÃO CATARINENSE ADM CONS LTD                              ;3;CE;0
202312;UNIÃO CATARINENSE ADM CONS LTD                              ;1;DF;0
202312;UNIÃO CATARINENSE ADM CONS LTD                              ;1;ES;0
202312;UNIÃO CATARINENSE ADM CONS LTD                              ;3;ES;0
202312;UNIÃO CATARINENSE ADM CONS LTD                              ;1;GO;0
202312;UNIÃO CATARINENSE ADM CONS LTD                              ;3;GO;0
202312;UNIÃO CATARINENSE ADM CONS LTD                              ;6;GO;0
202312;UNIÃO CATARINENSE ADM CONS LTD                              ;1;MA;0
202312;UNIÃO CATARINENSE ADM CONS LTD                              ;3;MA;0
202312;UNIÃO CATARINENSE ADM CONS LTD                              ;1;MG;0
202312;UNIÃO CATARINENSE ADM CONS LTD                              ;3;MG;2
202312;UNIÃO CATARINENSE ADM CONS LTD                              ;6;MG;0
202312;UNIÃO CATARINENSE ADM CONS LTD                              ;1;MS;2
202312;UNIÃO CATARINENSE ADM CONS LTD                              ;3;MS;0
202312;UNIÃO CATARINENSE ADM CONS LTD                              ;1;MT;0
202312;UNIÃO CATARINENSE ADM CONS LTD                              ;3;MT;1
202312;UNIÃO CATARINENSE ADM CONS LTD                              ;1;PA;0
202312;UNIÃO CATARINENSE ADM CONS LTD                              ;1;PB;0
202312;UNIÃO CATARINENSE ADM CONS LTD                              ;1;PE;0
202312;UNIÃO CATARINENSE ADM CONS LTD                              ;3;PE;0
202312;UNIÃO CATARINENSE ADM CONS LTD                              ;1;PR;12
202312;UNIÃO CATARINENSE ADM CONS LTD                              ;3;PR;43
202312;UNIÃO CATARINENSE ADM CONS LTD                              ;6;PR;1
202312;UNIÃO CATARINENSE ADM CONS LTD                              ;1;RJ;0
202312;UNIÃO CATARINENSE ADM CONS LTD                              ;3;RJ;1
202312;UNIÃO CATARINENSE ADM CONS LTD                              ;1;RN;0
202312;UNIÃO CATARINENSE ADM CONS LTD                              ;3;RN;0
202312;UNIÃO CATARINENSE ADM CONS LTD                              ;6;RN;2
202312;UNIÃO CATARINENSE ADM CONS LTD                              ;1;RO;0
202312;UNIÃO CATARINENSE ADM CONS LTD                              ;1;RS;7
202312;UNIÃO CATARINENSE ADM CONS LTD                              ;3;RS;5
202312;UNIÃO CATARINENSE ADM CONS LTD                              ;6;RS;0
202312;UNIÃO CATARINENSE ADM CONS LTD                              ;1;SC;234
202312;UNIÃO CATARINENSE ADM CONS LTD                              ;3;SC;87
202312;UNIÃO CATARINENSE ADM CONS LTD                              ;6;SC;0
202312;UNIÃO CATARINENSE ADM CONS LTD                              ;1;SP;32
202312;UNIÃO CATARINENSE ADM CONS LTD                              ;3;SP;1
202312;UNIÃO CATARINENSE ADM CONS LTD                              ;1;TO;0
202312;ADEMICON ADM CONS S.A.                                      ;1;AC;11
202312;ADEMICON ADM CONS S.A.                                      ;2;AC;0
202312;ADEMICON ADM CONS S.A.                                      ;3;AC;4
202312;ADEMICON ADM CONS S.A.                                      ;1;AL;142
202312;ADEMICON ADM CONS S.A.                                      ;2;AL;0
202312;ADEMICON ADM CONS S.A.                                      ;3;AL;42
202312;ADEMICON ADM CONS S.A.                                      ;6;AL;3
202312;ADEMICON ADM CONS S.A.                                      ;1;AM;80
202312;ADEMICON ADM CONS S.A.                                      ;2;AM;2
202312;ADEMICON ADM CONS S.A.                                      ;3;AM;18
202312;ADEMICON ADM CONS S.A.                                      ;6;AM;0
202312;ADEMICON ADM CONS S.A.                                      ;1;AP;2
202312;ADEMICON ADM CONS S.A.                                      ;2;AP;0
202312;ADEMICON ADM CONS S.A.                                      ;3;AP;5
202312;ADEMICON ADM CONS S.A.                                      ;1;BA;100
202312;ADEMICON ADM CONS S.A.                                      ;2;BA;78
202312;ADEMICON ADM CONS S.A.                                      ;3;BA;104
202312;ADEMICON ADM CONS S.A.                                      ;6;BA;7
202312;ADEMICON ADM CONS S.A.                                      ;1;CE;96
202312;ADEMICON ADM CONS S.A.                                      ;2;CE;27
202312;ADEMICON ADM CONS S.A.                                      ;3;CE;23
202312;ADEMICON ADM CONS S.A.                                      ;6;CE;0
202312;ADEMICON ADM CONS S.A.                                      ;1;DF;87
202312;ADEMICON ADM CONS S.A.                                      ;2;DF;20
202312;ADEMICON ADM CONS S.A.                                      ;3;DF;68
202312;ADEMICON ADM CONS S.A.                                      ;6;DF;1
202312;ADEMICON ADM CONS S.A.                                      ;1;ES;112
202312;ADEMICON ADM CONS S.A.                                      ;2;ES;7
202312;ADEMICON ADM CONS S.A.                                      ;3;ES;31
202312;ADEMICON ADM CONS S.A.                                      ;6;ES;1
202312;ADEMICON ADM CONS S.A.                                      ;1;GO;329
202312;ADEMICON ADM CONS S.A.                                      ;2;GO;148
202312;ADEMICON ADM CONS S.A.                                      ;3;GO;93
202312;ADEMICON ADM CONS S.A.                                      ;6;GO;2
202312;ADEMICON ADM CONS S.A.                                      ;1;MA;130
202312;ADEMICON ADM CONS S.A.                                      ;2;MA;34
202312;ADEMICON ADM CONS S.A.                                      ;3;MA;107
202312;ADEMICON ADM CONS S.A.                                      ;6;MA;7
202312;ADEMICON ADM CONS S.A.                                      ;1;MG;949
202312;ADEMICON ADM CONS S.A.                                      ;2;MG;129
202312;ADEMICON ADM CONS S.A.                                      ;3;MG;357
202312;ADEMICON ADM CONS S.A.                                      ;6;MG;12
202312;ADEMICON ADM CONS S.A.                                      ;1;MS;188
202312;ADEMICON ADM CONS S.A.                                      ;2;MS;28
202312;ADEMICON ADM CONS S.A.                                      ;3;MS;100
202312;ADEMICON ADM CONS S.A.                                      ;6;MS;3
202312;ADEMICON ADM CONS S.A.                                      ;1;MT;530
202312;ADEMICON ADM CONS S.A.                                      ;2;MT;188
202312;ADEMICON ADM CONS S.A.                                      ;3;MT;255
202312;ADEMICON ADM CONS S.A.                                      ;6;MT;9
202312;ADEMICON ADM CONS S.A.                                      ;1;PA;42
202312;ADEMICON ADM CONS S.A.                                      ;2;PA;46
202312;ADEMICON ADM CONS S.A.                                      ;3;PA;37
202312;ADEMICON ADM CONS S.A.                                      ;6;PA;0
202312;ADEMICON ADM CONS S.A.                                      ;1;PB;140
202312;ADEMICON ADM CONS S.A.                                      ;2;PB;5
202312;ADEMICON ADM CONS S.A.                                      ;3;PB;29
202312;ADEMICON ADM CONS S.A.                                      ;6;PB;0
202312;ADEMICON ADM CONS S.A.                                      ;1;PE;84
202312;ADEMICON ADM CONS S.A.                                      ;2;PE;9
202312;ADEMICON ADM CONS S.A.                                      ;3;PE;46
202312;ADEMICON ADM CONS S.A.                                      ;6;PE;1
202312;ADEMICON ADM CONS S.A.                                      ;1;PI;44
202312;ADEMICON ADM CONS S.A.                                      ;2;PI;8
202312;ADEMICON ADM CONS S.A.                                      ;3;PI;9
202312;ADEMICON ADM CONS S.A.                                      ;6;PI;0
202312;ADEMICON ADM CONS S.A.                                      ;1;PR;5268
202312;ADEMICON ADM CONS S.A.                                      ;2;PR;132
202312;ADEMICON ADM CONS S.A.                                      ;3;PR;2083
202312;ADEMICON ADM CONS S.A.                                      ;6;PR;82
202312;ADEMICON ADM CONS S.A.                                      ;1;RJ;887
202312;ADEMICON ADM CONS S.A.                                      ;2;RJ;27
202312;ADEMICON ADM CONS S.A.                                      ;3;RJ;342
202312;ADEMICON ADM CONS S.A.                                      ;6;RJ;17
202312;ADEMICON ADM CONS S.A.                                      ;1;RN;124
202312;ADEMICON ADM CONS S.A.                                      ;2;RN;11
202312;ADEMICON ADM CONS S.A.                                      ;3;RN;80
202312;ADEMICON ADM CONS S.A.                                      ;6;RN;1
202312;ADEMICON ADM CONS S.A.                                      ;1;RO;282
202312;ADEMICON ADM CONS S.A.                                      ;2;RO;13
202312;ADEMICON ADM CONS S.A.                                      ;3;RO;170
202312;ADEMICON ADM CONS S.A.                                      ;6;RO;10
202312;ADEMICON ADM CONS S.A.                                      ;1;RR;7
202312;ADEMICON ADM CONS S.A.                                      ;2;RR;1
202312;ADEMICON ADM CONS S.A.                                      ;3;RR;2
202312;ADEMICON ADM CONS S.A.                                      ;6;RR;0
202312;ADEMICON ADM CONS S.A.                                      ;1;RS;501
202312;ADEMICON ADM CONS S.A.                                      ;2;RS;372
202312;ADEMICON ADM CONS S.A.                                      ;3;RS;248
202312;ADEMICON ADM CONS S.A.                                      ;6;RS;15
202312;ADEMICON ADM CONS S.A.                                      ;1;SC;2131
202312;ADEMICON ADM CONS S.A.                                      ;2;SC;192
202312;ADEMICON ADM CONS S.A.                                      ;3;SC;596
202312;ADEMICON ADM CONS S.A.                                      ;6;SC;25
202312;ADEMICON ADM CONS S.A.                                      ;1;SE;15
202312;ADEMICON ADM CONS S.A.                                      ;2;SE;61
202312;ADEMICON ADM CONS S.A.                                      ;3;SE;12
202312;ADEMICON ADM CONS S.A.                                      ;1;SP;4285
202312;ADEMICON ADM CONS S.A.                                      ;2;SP;347
202312;ADEMICON ADM CONS S.A.                                      ;3;SP;1501
202312;ADEMICON ADM CONS S.A.                                      ;6;SP;35
202312;ADEMICON ADM CONS S.A.                                      ;1;TO;17
202312;ADEMICON ADM CONS S.A.                                      ;2;TO;54
202312;ADEMICON ADM CONS S.A.                                      ;3;TO;22
202312;GLOBO ADM. CONS. LTDA.                                      ;1;AL;0
202312;GLOBO ADM. CONS. LTDA.                                      ;1;BA;0
202312;GLOBO ADM. CONS. LTDA.                                      ;6;MG;0
202312;GLOBO ADM. CONS. LTDA.                                      ;1;MS;0
202312;GLOBO ADM. CONS. LTDA.                                      ;1;MT;0
202312;GLOBO ADM. CONS. LTDA.                                      ;1;PA;0
202312;GLOBO ADM. CONS. LTDA.                                      ;1;PR;7
202312;GLOBO ADM. CONS. LTDA.                                      ;3;PR;7
202312;GLOBO ADM. CONS. LTDA.                                      ;4;PR;11
202312;GLOBO ADM. CONS. LTDA.                                      ;6;PR;16
202312;GLOBO ADM. CONS. LTDA.                                      ;1;RJ;0
202312;GLOBO ADM. CONS. LTDA.                                      ;6;RJ;0
202312;GLOBO ADM. CONS. LTDA.                                      ;6;RN;0
202312;GLOBO ADM. CONS. LTDA.                                      ;1;RO;0
202312;GLOBO ADM. CONS. LTDA.                                      ;1;RS;3
202312;GLOBO ADM. CONS. LTDA.                                      ;3;RS;3
202312;GLOBO ADM. CONS. LTDA.                                      ;4;RS;1
202312;GLOBO ADM. CONS. LTDA.                                      ;6;RS;2
202312;GLOBO ADM. CONS. LTDA.                                      ;1;SC;64
202312;GLOBO ADM. CONS. LTDA.                                      ;3;SC;80
202312;GLOBO ADM. CONS. LTDA.                                      ;4;SC;25
202312;GLOBO ADM. CONS. LTDA.                                      ;6;SC;63
202312;GLOBO ADM. CONS. LTDA.                                      ;1;SP;0
202312;GLOBO ADM. CONS. LTDA.                                      ;3;SP;0
202312;GLOBO ADM. CONS. LTDA.                                      ;4;SP;0
202312;GLOBO ADM. CONS. LTDA.                                      ;6;SP;0
202312;PORTOBENS ADM CONS LTDA                                     ;2;AC;0
202312;PORTOBENS ADM CONS LTDA                                     ;3;AC;1
202312;PORTOBENS ADM CONS LTDA                                     ;2;AL;0
202312;PORTOBENS ADM CONS LTDA                                     ;3;AL;5
202312;PORTOBENS ADM CONS LTDA                                     ;2;AM;12
202312;PORTOBENS ADM CONS LTDA                                     ;3;AM;2
202312;PORTOBENS ADM CONS LTDA                                     ;2;AP;1
202312;PORTOBENS ADM CONS LTDA                                     ;3;AP;0
202312;PORTOBENS ADM CONS LTDA                                     ;2;BA;31
202312;PORTOBENS ADM CONS LTDA                                     ;3;BA;21
202312;PORTOBENS ADM CONS LTDA                                     ;2;CE;12
202312;PORTOBENS ADM CONS LTDA                                     ;3;CE;7
202312;PORTOBENS ADM CONS LTDA                                     ;2;DF;3
202312;PORTOBENS ADM CONS LTDA                                     ;3;DF;1
202312;PORTOBENS ADM CONS LTDA                                     ;2;ES;11
202312;PORTOBENS ADM CONS LTDA                                     ;3;ES;0
202312;PORTOBENS ADM CONS LTDA                                     ;2;GO;15
202312;PORTOBENS ADM CONS LTDA                                     ;3;GO;4
202312;PORTOBENS ADM CONS LTDA                                     ;2;MA;26
202312;PORTOBENS ADM CONS LTDA                                     ;3;MA;14
202312;PORTOBENS ADM CONS LTDA                                     ;2;MG;106
202312;PORTOBENS ADM CONS LTDA                                     ;3;MG;9
202312;PORTOBENS ADM CONS LTDA                                     ;2;MS;24
202312;PORTOBENS ADM CONS LTDA                                     ;3;MS;16
202312;PORTOBENS ADM CONS LTDA                                     ;2;MT;25
202312;PORTOBENS ADM CONS LTDA                                     ;3;MT;4
202312;PORTOBENS ADM CONS LTDA                                     ;2;PA;24
202312;PORTOBENS ADM CONS LTDA                                     ;3;PA;15
202312;PORTOBENS ADM CONS LTDA                                     ;2;PB;6
202312;PORTOBENS ADM CONS LTDA                                     ;3;PB;1
202312;PORTOBENS ADM CONS LTDA                                     ;2;PE;25
202312;PORTOBENS ADM CONS LTDA                                     ;3;PE;6
202312;PORTOBENS ADM CONS LTDA                                     ;2;PI;2
202312;PORTOBENS ADM CONS LTDA                                     ;3;PI;1
202312;PORTOBENS ADM CONS LTDA                                     ;2;PR;53
202312;PORTOBENS ADM CONS LTDA                                     ;3;PR;14
202312;PORTOBENS ADM CONS LTDA                                     ;2;RJ;22
202312;PORTOBENS ADM CONS LTDA                                     ;3;RJ;29
202312;PORTOBENS ADM CONS LTDA                                     ;2;RN;2
202312;PORTOBENS ADM CONS LTDA                                     ;3;RN;0
202312;PORTOBENS ADM CONS LTDA                                     ;2;RO;11
202312;PORTOBENS ADM CONS LTDA                                     ;3;RO;0
202312;PORTOBENS ADM CONS LTDA                                     ;2;RR;1
202312;PORTOBENS ADM CONS LTDA                                     ;3;RR;2
202312;PORTOBENS ADM CONS LTDA                                     ;2;RS;15
202312;PORTOBENS ADM CONS LTDA                                     ;3;RS;1
202312;PORTOBENS ADM CONS LTDA                                     ;2;SC;22
202312;PORTOBENS ADM CONS LTDA                                     ;3;SC;5
202312;PORTOBENS ADM CONS LTDA                                     ;2;SE;4
202312;PORTOBENS ADM CONS LTDA                                     ;3;SE;1
202312;PORTOBENS ADM CONS LTDA                                     ;2;SP;95
202312;PORTOBENS ADM CONS LTDA                                     ;3;SP;14
202312;PORTOBENS ADM CONS LTDA                                     ;2;TO;1
202312;PORTOBENS ADM CONS LTDA                                     ;3;TO;1
202312;SPONCHIADO ADM CONSÓRCIOS LTDA.                             ;1;AC;1
202312;SPONCHIADO ADM CONSÓRCIOS LTDA.                             ;1;AM;0
202312;SPONCHIADO ADM CONSÓRCIOS LTDA.                             ;1;AP;0
202312;SPONCHIADO ADM CONSÓRCIOS LTDA.                             ;2;AP;0
202312;SPONCHIADO ADM CONSÓRCIOS LTDA.                             ;1;BA;0
202312;SPONCHIADO ADM CONSÓRCIOS LTDA.                             ;3;BA;0
202312;SPONCHIADO ADM CONSÓRCIOS LTDA.                             ;3;CE;0
202312;SPONCHIADO ADM CONSÓRCIOS LTDA.                             ;1;DF;0
202312;SPONCHIADO ADM CONSÓRCIOS LTDA.                             ;1;ES;0
202312;SPONCHIADO ADM CONSÓRCIOS LTDA.                             ;3;ES;0
202312;SPONCHIADO ADM CONSÓRCIOS LTDA.                             ;1;GO;0
202312;SPONCHIADO ADM CONSÓRCIOS LTDA.                             ;2;GO;0
202312;SPONCHIADO ADM CONSÓRCIOS LTDA.                             ;3;GO;0
202312;SPONCHIADO ADM CONSÓRCIOS LTDA.                             ;1;MA;0
202312;SPONCHIADO ADM CONSÓRCIOS LTDA.                             ;3;MA;0
202312;SPONCHIADO ADM CONSÓRCIOS LTDA.                             ;1;MG;1
202312;SPONCHIADO ADM CONSÓRCIOS LTDA.                             ;2;MG;0
202312;SPONCHIADO ADM CONSÓRCIOS LTDA.                             ;3;MG;0
202312;SPONCHIADO ADM CONSÓRCIOS LTDA.                             ;1;MS;0
202312;SPONCHIADO ADM CONSÓRCIOS LTDA.                             ;3;MS;0
202312;SPONCHIADO ADM CONSÓRCIOS LTDA.                             ;1;MT;0
202312;SPONCHIADO ADM CONSÓRCIOS LTDA.                             ;2;MT;0
202312;SPONCHIADO ADM CONSÓRCIOS LTDA.                             ;3;MT;0
202312;SPONCHIADO ADM CONSÓRCIOS LTDA.                             ;1;PA;2
202312;SPONCHIADO ADM CONSÓRCIOS LTDA.                             ;3;PA;0
202312;SPONCHIADO ADM CONSÓRCIOS LTDA.                             ;1;PB;0
202312;SPONCHIADO ADM CONSÓRCIOS LTDA.                             ;3;PB;0
202312;SPONCHIADO ADM CONSÓRCIOS LTDA.                             ;1;PE;0
202312;SPONCHIADO ADM CONSÓRCIOS LTDA.                             ;2;PE;0
202312;SPONCHIADO ADM CONSÓRCIOS LTDA.                             ;3;PE;0
202312;SPONCHIADO ADM CONSÓRCIOS LTDA.                             ;1;PI;0
202312;SPONCHIADO ADM CONSÓRCIOS LTDA.                             ;1;PR;1
202312;SPONCHIADO ADM CONSÓRCIOS LTDA.                             ;2;PR;0
202312;SPONCHIADO ADM CONSÓRCIOS LTDA.                             ;3;PR;6
202312;SPONCHIADO ADM CONSÓRCIOS LTDA.                             ;1;RJ;0
202312;SPONCHIADO ADM CONSÓRCIOS LTDA.                             ;3;RJ;0
202312;SPONCHIADO ADM CONSÓRCIOS LTDA.                             ;3;RN;0
202312;SPONCHIADO ADM CONSÓRCIOS LTDA.                             ;1;RO;0
202312;SPONCHIADO ADM CONSÓRCIOS LTDA.                             ;3;RO;0
202312;SPONCHIADO ADM CONSÓRCIOS LTDA.                             ;1;RR;0
202312;SPONCHIADO ADM CONSÓRCIOS LTDA.                             ;1;RS;59
202312;SPONCHIADO ADM CONSÓRCIOS LTDA.                             ;2;RS;0
202312;SPONCHIADO ADM CONSÓRCIOS LTDA.                             ;3;RS;246
202312;SPONCHIADO ADM CONSÓRCIOS LTDA.                             ;1;SC;34
202312;SPONCHIADO ADM CONSÓRCIOS LTDA.                             ;2;SC;0
202312;SPONCHIADO ADM CONSÓRCIOS LTDA.                             ;3;SC;7
202312;SPONCHIADO ADM CONSÓRCIOS LTDA.                             ;1;SE;0
202312;SPONCHIADO ADM CONSÓRCIOS LTDA.                             ;3;SE;0
202312;SPONCHIADO ADM CONSÓRCIOS LTDA.                             ;1;SP;0
202312;SPONCHIADO ADM CONSÓRCIOS LTDA.                             ;2;SP;0
202312;SPONCHIADO ADM CONSÓRCIOS LTDA.                             ;3;SP;1
202312;SPONCHIADO ADM CONSÓRCIOS LTDA.                             ;1;TO;0
202312;SPONCHIADO ADM CONSÓRCIOS LTDA.                             ;3;TO;0
202312;SINOSSERRA ADM CONSÓRCIOS S.A.                              ;1;BA;2
202312;SINOSSERRA ADM CONSÓRCIOS S.A.                              ;3;BA;0
202312;SINOSSERRA ADM CONSÓRCIOS S.A.                              ;1;CE;0
202312;SINOSSERRA ADM CONSÓRCIOS S.A.                              ;1;DF;4
202312;SINOSSERRA ADM CONSÓRCIOS S.A.                              ;3;DF;1
202312;SINOSSERRA ADM CONSÓRCIOS S.A.                              ;1;GO;4
202312;SINOSSERRA ADM CONSÓRCIOS S.A.                              ;1;MA;0
202312;SINOSSERRA ADM CONSÓRCIOS S.A.                              ;3;MA;0
202312;SINOSSERRA ADM CONSÓRCIOS S.A.                              ;1;MG;1
202312;SINOSSERRA ADM CONSÓRCIOS S.A.                              ;3;MG;0
202312;SINOSSERRA ADM CONSÓRCIOS S.A.                              ;1;MS;2
202312;SINOSSERRA ADM CONSÓRCIOS S.A.                              ;3;MS;0
202312;SINOSSERRA ADM CONSÓRCIOS S.A.                              ;1;MT;0
202312;SINOSSERRA ADM CONSÓRCIOS S.A.                              ;1;PA;0
202312;SINOSSERRA ADM CONSÓRCIOS S.A.                              ;3;PA;1
202312;SINOSSERRA ADM CONSÓRCIOS S.A.                              ;1;PB;0
202312;SINOSSERRA ADM CONSÓRCIOS S.A.                              ;1;PE;0
202312;SINOSSERRA ADM CONSÓRCIOS S.A.                              ;1;PR;2
202312;SINOSSERRA ADM CONSÓRCIOS S.A.                              ;3;PR;0
202312;SINOSSERRA ADM CONSÓRCIOS S.A.                              ;1;RJ;0
202312;SINOSSERRA ADM CONSÓRCIOS S.A.                              ;3;RJ;0
202312;SINOSSERRA ADM CONSÓRCIOS S.A.                              ;1;RN;0
202312;SINOSSERRA ADM CONSÓRCIOS S.A.                              ;1;RO;0
202312;SINOSSERRA ADM CONSÓRCIOS S.A.                              ;1;RR;0
202312;SINOSSERRA ADM CONSÓRCIOS S.A.                              ;1;RS;131
202312;SINOSSERRA ADM CONSÓRCIOS S.A.                              ;3;RS;67
202312;SINOSSERRA ADM CONSÓRCIOS S.A.                              ;1;SC;10
202312;SINOSSERRA ADM CONSÓRCIOS S.A.                              ;3;SC;0
202312;SINOSSERRA ADM CONSÓRCIOS S.A.                              ;1;SP;6
202312;SINOSSERRA ADM CONSÓRCIOS S.A.                              ;3;SP;2
202312;SINOSSERRA ADM CONSÓRCIOS S.A.                              ;1;TO;0
202312;SIMPALA ADM CONSÓRCIOS LTDA.                                ;3;AC;9
202312;SIMPALA ADM CONSÓRCIOS LTDA.                                ;3;AL;50
202312;SIMPALA ADM CONSÓRCIOS LTDA.                                ;1;AM;0
202312;SIMPALA ADM CONSÓRCIOS LTDA.                                ;3;AM;58
202312;SIMPALA ADM CONSÓRCIOS LTDA.                                ;3;AP;37
202312;SIMPALA ADM CONSÓRCIOS LTDA.                                ;1;BA;34
202312;SIMPALA ADM CONSÓRCIOS LTDA.                                ;3;BA;368
202312;SIMPALA ADM CONSÓRCIOS LTDA.                                ;3;CE;398
202312;SIMPALA ADM CONSÓRCIOS LTDA.                                ;1;DF;0
202312;SIMPALA ADM CONSÓRCIOS LTDA.                                ;3;DF;169
202312;SIMPALA ADM CONSÓRCIOS LTDA.                                ;3;ES;90
202312;SIMPALA ADM CONSÓRCIOS LTDA.                                ;3;GO;226
202312;SIMPALA ADM CONSÓRCIOS LTDA.                                ;1;MA;0
202312;SIMPALA ADM CONSÓRCIOS LTDA.                                ;3;MA;693
202312;SIMPALA ADM CONSÓRCIOS LTDA.                                ;1;MG;0
202312;SIMPALA ADM CONSÓRCIOS LTDA.                                ;3;MG;396
202312;SIMPALA ADM CONSÓRCIOS LTDA.                                ;1;MS;0
202312;SIMPALA ADM CONSÓRCIOS LTDA.                                ;3;MS;91
202312;SIMPALA ADM CONSÓRCIOS LTDA.                                ;1;MT;13
202312;SIMPALA ADM CONSÓRCIOS LTDA.                                ;3;MT;822
202312;SIMPALA ADM CONSÓRCIOS LTDA.                                ;1;PA;0
202312;SIMPALA ADM CONSÓRCIOS LTDA.                                ;3;PA;954
202312;SIMPALA ADM CONSÓRCIOS LTDA.                                ;1;PB;0
202312;SIMPALA ADM CONSÓRCIOS LTDA.                                ;3;PB;35
202312;SIMPALA ADM CONSÓRCIOS LTDA.                                ;3;PE;118
202312;SIMPALA ADM CONSÓRCIOS LTDA.                                ;1;PI;0
202312;SIMPALA ADM CONSÓRCIOS LTDA.                                ;3;PI;179
202312;SIMPALA ADM CONSÓRCIOS LTDA.                                ;1;PR;10
202312;SIMPALA ADM CONSÓRCIOS LTDA.                                ;3;PR;807
202312;SIMPALA ADM CONSÓRCIOS LTDA.                                ;1;RJ;1
202312;SIMPALA ADM CONSÓRCIOS LTDA.                                ;3;RJ;225
202312;SIMPALA ADM CONSÓRCIOS LTDA.                                ;3;RN;102
202312;SIMPALA ADM CONSÓRCIOS LTDA.                                ;1;RO;0
202312;SIMPALA ADM CONSÓRCIOS LTDA.                                ;3;RO;52
202312;SIMPALA ADM CONSÓRCIOS LTDA.                                ;3;RR;14
202312;SIMPALA ADM CONSÓRCIOS LTDA.                                ;1;RS;0
202312;SIMPALA ADM CONSÓRCIOS LTDA.                                ;3;RS;479
202312;SIMPALA ADM CONSÓRCIOS LTDA.                                ;1;SC;2
202312;SIMPALA ADM CONSÓRCIOS LTDA.                                ;3;SC;850
202312;SIMPALA ADM CONSÓRCIOS LTDA.                                ;3;SE;23
202312;SIMPALA ADM CONSÓRCIOS LTDA.                                ;1;SP;7
202312;SIMPALA ADM CONSÓRCIOS LTDA.                                ;3;SP;1172
202312;SIMPALA ADM CONSÓRCIOS LTDA.                                ;1;TO;0
202312;SIMPALA ADM CONSÓRCIOS LTDA.                                ;3;TO;50
202312;SERRANA ADM CONSÓRCIOS LTDA.                                ;3;PE;0
202312;SERRANA ADM CONSÓRCIOS LTDA.                                ;3;PR;1
202312;SERRANA ADM CONSÓRCIOS LTDA.                                ;3;RS;164
202312;SERRANA ADM CONSÓRCIOS LTDA.                                ;3;SC;2
202312;SERRANA ADM CONSÓRCIOS LTDA.                                ;3;SP;1
202312;ALPHA ADM CONS LTDA                                         ;1;AC;1
202312;ALPHA ADM CONS LTDA                                         ;2;AC;0
202312;ALPHA ADM CONS LTDA                                         ;3;AC;1
202312;ALPHA ADM CONS LTDA                                         ;1;AL;1
202312;ALPHA ADM CONS LTDA                                         ;2;AL;2
202312;ALPHA ADM CONS LTDA                                         ;3;AL;2
202312;ALPHA ADM CONS LTDA                                         ;1;AM;5
202312;ALPHA ADM CONS LTDA                                         ;2;AM;11
202312;ALPHA ADM CONS LTDA                                         ;3;AM;26
202312;ALPHA ADM CONS LTDA                                         ;5;AM;4
202312;ALPHA ADM CONS LTDA                                         ;1;AP;0
202312;ALPHA ADM CONS LTDA                                         ;2;AP;0
202312;ALPHA ADM CONS LTDA                                         ;3;AP;0
202312;ALPHA ADM CONS LTDA                                         ;1;BA;251
202312;ALPHA ADM CONS LTDA                                         ;2;BA;165
202312;ALPHA ADM CONS LTDA                                         ;3;BA;437
202312;ALPHA ADM CONS LTDA                                         ;5;BA;51
202312;ALPHA ADM CONS LTDA                                         ;1;CE;42
202312;ALPHA ADM CONS LTDA                                         ;2;CE;27
202312;ALPHA ADM CONS LTDA                                         ;3;CE;122
202312;ALPHA ADM CONS LTDA                                         ;5;CE;10
202312;ALPHA ADM CONS LTDA                                         ;1;DF;25
202312;ALPHA ADM CONS LTDA                                         ;2;DF;23
202312;ALPHA ADM CONS LTDA                                         ;3;DF;41
202312;ALPHA ADM CONS LTDA                                         ;5;DF;8
202312;ALPHA ADM CONS LTDA                                         ;1;ES;41
202312;ALPHA ADM CONS LTDA                                         ;2;ES;35
202312;ALPHA ADM CONS LTDA                                         ;3;ES;88
202312;ALPHA ADM CONS LTDA                                         ;5;ES;4
202312;ALPHA ADM CONS LTDA                                         ;1;GO;51
202312;ALPHA ADM CONS LTDA                                         ;2;GO;61
202312;ALPHA ADM CONS LTDA                                         ;3;GO;256
202312;ALPHA ADM CONS LTDA                                         ;5;GO;20
202312;ALPHA ADM CONS LTDA                                         ;1;MA;15
202312;ALPHA ADM CONS LTDA                                         ;2;MA;52
202312;ALPHA ADM CONS LTDA                                         ;3;MA;149
202312;ALPHA ADM CONS LTDA                                         ;5;MA;1
202312;ALPHA ADM CONS LTDA                                         ;1;MG;41
202312;ALPHA ADM CONS LTDA                                         ;2;MG;29
202312;ALPHA ADM CONS LTDA                                         ;3;MG;20
202312;ALPHA ADM CONS LTDA                                         ;1;MS;1
202312;ALPHA ADM CONS LTDA                                         ;2;MS;5
202312;ALPHA ADM CONS LTDA                                         ;3;MS;20
202312;ALPHA ADM CONS LTDA                                         ;5;MS;4
202312;ALPHA ADM CONS LTDA                                         ;1;MT;1
202312;ALPHA ADM CONS LTDA                                         ;2;MT;9
202312;ALPHA ADM CONS LTDA                                         ;3;MT;5
202312;ALPHA ADM CONS LTDA                                         ;1;PA;52
202312;ALPHA ADM CONS LTDA                                         ;2;PA;20
202312;ALPHA ADM CONS LTDA                                         ;3;PA;22
202312;ALPHA ADM CONS LTDA                                         ;5;PA;1
202312;ALPHA ADM CONS LTDA                                         ;1;PB;9
202312;ALPHA ADM CONS LTDA                                         ;2;PB;3
202312;ALPHA ADM CONS LTDA                                         ;3;PB;53
202312;ALPHA ADM CONS LTDA                                         ;5;PB;1
202312;ALPHA ADM CONS LTDA                                         ;1;PE;28
202312;ALPHA ADM CONS LTDA                                         ;2;PE;43
202312;ALPHA ADM CONS LTDA                                         ;3;PE;117
202312;ALPHA ADM CONS LTDA                                         ;5;PE;6
202312;ALPHA ADM CONS LTDA                                         ;1;PI;4
202312;ALPHA ADM CONS LTDA                                         ;2;PI;13
202312;ALPHA ADM CONS LTDA                                         ;3;PI;43
202312;ALPHA ADM CONS LTDA                                         ;1;PR;32
202312;ALPHA ADM CONS LTDA                                         ;2;PR;39
202312;ALPHA ADM CONS LTDA                                         ;3;PR;7
202312;ALPHA ADM CONS LTDA                                         ;1;RJ;75
202312;ALPHA ADM CONS LTDA                                         ;2;RJ;15
202312;ALPHA ADM CONS LTDA                                         ;3;RJ;6
202312;ALPHA ADM CONS LTDA                                         ;5;RJ;3
202312;ALPHA ADM CONS LTDA                                         ;1;RN;39
202312;ALPHA ADM CONS LTDA                                         ;2;RN;36
202312;ALPHA ADM CONS LTDA                                         ;3;RN;78
202312;ALPHA ADM CONS LTDA                                         ;5;RN;3
202312;ALPHA ADM CONS LTDA                                         ;1;RO;7
202312;ALPHA ADM CONS LTDA                                         ;2;RO;11
202312;ALPHA ADM CONS LTDA                                         ;3;RO;6
202312;ALPHA ADM CONS LTDA                                         ;5;RO;1
202312;ALPHA ADM CONS LTDA                                         ;1;RR;0
202312;ALPHA ADM CONS LTDA                                         ;2;RR;0
202312;ALPHA ADM CONS LTDA                                         ;3;RR;0
202312;ALPHA ADM CONS LTDA                                         ;1;RS;2
202312;ALPHA ADM CONS LTDA                                         ;2;RS;6
202312;ALPHA ADM CONS LTDA                                         ;3;RS;0
202312;ALPHA ADM CONS LTDA                                         ;1;SC;13
202312;ALPHA ADM CONS LTDA                                         ;2;SC;23
202312;ALPHA ADM CONS LTDA                                         ;3;SC;27
202312;ALPHA ADM CONS LTDA                                         ;5;SC;88
202312;ALPHA ADM CONS LTDA                                         ;1;SE;20
202312;ALPHA ADM CONS LTDA                                         ;2;SE;10
202312;ALPHA ADM CONS LTDA                                         ;3;SE;41
202312;ALPHA ADM CONS LTDA                                         ;5;SE;10
202312;ALPHA ADM CONS LTDA                                         ;1;SP;140
202312;ALPHA ADM CONS LTDA                                         ;2;SP;139
202312;ALPHA ADM CONS LTDA                                         ;3;SP;52
202312;ALPHA ADM CONS LTDA                                         ;5;SP;11
202312;ALPHA ADM CONS LTDA                                         ;1;TO;9
202312;ALPHA ADM CONS LTDA                                         ;2;TO;67
202312;ALPHA ADM CONS LTDA                                         ;3;TO;159
202312;ALPHA ADM CONS LTDA                                         ;5;TO;11
202312;FARROUPILHA ADM CONS LTDA                                   ;4;AL;0
202312;FARROUPILHA ADM CONS LTDA                                   ;1;AM;0
202312;FARROUPILHA ADM CONS LTDA                                   ;1;BA;0
202312;FARROUPILHA ADM CONS LTDA                                   ;3;BA;0
202312;FARROUPILHA ADM CONS LTDA                                   ;4;BA;0
202312;FARROUPILHA ADM CONS LTDA                                   ;1;CE;0
202312;FARROUPILHA ADM CONS LTDA                                   ;4;CE;0
202312;FARROUPILHA ADM CONS LTDA                                   ;4;DF;0
202312;FARROUPILHA ADM CONS LTDA                                   ;4;ES;0
202312;FARROUPILHA ADM CONS LTDA                                   ;1;GO;0
202312;FARROUPILHA ADM CONS LTDA                                   ;4;GO;0
202312;FARROUPILHA ADM CONS LTDA                                   ;1;MA;0
202312;FARROUPILHA ADM CONS LTDA                                   ;3;MA;0
202312;FARROUPILHA ADM CONS LTDA                                   ;4;MA;0
202312;FARROUPILHA ADM CONS LTDA                                   ;1;MG;0
202312;FARROUPILHA ADM CONS LTDA                                   ;3;MG;0
202312;FARROUPILHA ADM CONS LTDA                                   ;4;MG;0
202312;FARROUPILHA ADM CONS LTDA                                   ;5;MG;0
202312;FARROUPILHA ADM CONS LTDA                                   ;1;MS;1
202312;FARROUPILHA ADM CONS LTDA                                   ;3;MS;1
202312;FARROUPILHA ADM CONS LTDA                                   ;4;MS;0
202312;FARROUPILHA ADM CONS LTDA                                   ;5;MS;2
202312;FARROUPILHA ADM CONS LTDA                                   ;1;MT;0
202312;FARROUPILHA ADM CONS LTDA                                   ;4;MT;0
202312;FARROUPILHA ADM CONS LTDA                                   ;5;MT;0
202312;FARROUPILHA ADM CONS LTDA                                   ;1;PA;0
202312;FARROUPILHA ADM CONS LTDA                                   ;1;PB;0
202312;FARROUPILHA ADM CONS LTDA                                   ;4;PB;0
202312;FARROUPILHA ADM CONS LTDA                                   ;1;PE;0
202312;FARROUPILHA ADM CONS LTDA                                   ;4;PE;0
202312;FARROUPILHA ADM CONS LTDA                                   ;5;PE;0
202312;FARROUPILHA ADM CONS LTDA                                   ;4;PI;0
202312;FARROUPILHA ADM CONS LTDA                                   ;1;PR;240
202312;FARROUPILHA ADM CONS LTDA                                   ;3;PR;23
202312;FARROUPILHA ADM CONS LTDA                                   ;4;PR;0
202312;FARROUPILHA ADM CONS LTDA                                   ;5;PR;55
202312;FARROUPILHA ADM CONS LTDA                                   ;1;RJ;0
202312;FARROUPILHA ADM CONS LTDA                                   ;4;RJ;0
202312;FARROUPILHA ADM CONS LTDA                                   ;4;RN;0
202312;FARROUPILHA ADM CONS LTDA                                   ;5;RN;0
202312;FARROUPILHA ADM CONS LTDA                                   ;1;RO;0
202312;FARROUPILHA ADM CONS LTDA                                   ;4;RO;0
202312;FARROUPILHA ADM CONS LTDA                                   ;1;RS;118
202312;FARROUPILHA ADM CONS LTDA                                   ;3;RS;43
202312;FARROUPILHA ADM CONS LTDA                                   ;4;RS;7
202312;FARROUPILHA ADM CONS LTDA                                   ;5;RS;82
202312;FARROUPILHA ADM CONS LTDA                                   ;1;SC;110
202312;FARROUPILHA ADM CONS LTDA                                   ;3;SC;14
202312;FARROUPILHA ADM CONS LTDA                                   ;4;SC;0
202312;FARROUPILHA ADM CONS LTDA                                   ;5;SC;44
202312;FARROUPILHA ADM CONS LTDA                                   ;1;SE;0
202312;FARROUPILHA ADM CONS LTDA                                   ;4;SE;0
202312;FARROUPILHA ADM CONS LTDA                                   ;1;SP;7
202312;FARROUPILHA ADM CONS LTDA                                   ;3;SP;0
202312;FARROUPILHA ADM CONS LTDA                                   ;4;SP;0
202312;FARROUPILHA ADM CONS LTDA                                   ;5;SP;0
202312;FARROUPILHA ADM CONS LTDA                                   ;1;TO;0
202312;FARROUPILHA ADM CONS LTDA                                   ;4;TO;0
202312;FARROUPILHA ADM CONS LTDA                                   ;5;TO;0
202312;RANDON ADM CONSÓRCIOS LTDA.                                 ;1;AC;0
202312;RANDON ADM CONSÓRCIOS LTDA.                                 ;2;AC;0
202312;RANDON ADM CONSÓRCIOS LTDA.                                 ;1;AL;0
202312;RANDON ADM CONSÓRCIOS LTDA.                                 ;2;AL;4
202312;RANDON ADM CONSÓRCIOS LTDA.                                 ;3;AL;0
202312;RANDON ADM CONSÓRCIOS LTDA.                                 ;1;AM;0
202312;RANDON ADM CONSÓRCIOS LTDA.                                 ;2;AM;21
202312;RANDON ADM CONSÓRCIOS LTDA.                                 ;3;AM;0
202312;RANDON ADM CONSÓRCIOS LTDA.                                 ;1;AP;0
202312;RANDON ADM CONSÓRCIOS LTDA.                                 ;2;AP;0
202312;RANDON ADM CONSÓRCIOS LTDA.                                 ;3;AP;0
202312;RANDON ADM CONSÓRCIOS LTDA.                                 ;1;BA;2
202312;RANDON ADM CONSÓRCIOS LTDA.                                 ;2;BA;45
202312;RANDON ADM CONSÓRCIOS LTDA.                                 ;3;BA;11
202312;RANDON ADM CONSÓRCIOS LTDA.                                 ;5;BA;1
202312;RANDON ADM CONSÓRCIOS LTDA.                                 ;6;BA;0
202312;RANDON ADM CONSÓRCIOS LTDA.                                 ;1;CE;2
202312;RANDON ADM CONSÓRCIOS LTDA.                                 ;2;CE;14
202312;RANDON ADM CONSÓRCIOS LTDA.                                 ;3;CE;0
202312;RANDON ADM CONSÓRCIOS LTDA.                                 ;5;CE;0
202312;RANDON ADM CONSÓRCIOS LTDA.                                 ;1;DF;10
202312;RANDON ADM CONSÓRCIOS LTDA.                                 ;2;DF;23
202312;RANDON ADM CONSÓRCIOS LTDA.                                 ;3;DF;1
202312;RANDON ADM CONSÓRCIOS LTDA.                                 ;1;ES;4
202312;RANDON ADM CONSÓRCIOS LTDA.                                 ;2;ES;93
202312;RANDON ADM CONSÓRCIOS LTDA.                                 ;3;ES;2
202312;RANDON ADM CONSÓRCIOS LTDA.                                 ;1;GO;0
202312;RANDON ADM CONSÓRCIOS LTDA.                                 ;2;GO;249
202312;RANDON ADM CONSÓRCIOS LTDA.                                 ;3;GO;1
202312;RANDON ADM CONSÓRCIOS LTDA.                                 ;5;GO;0
202312;RANDON ADM CONSÓRCIOS LTDA.                                 ;1;MA;1
202312;RANDON ADM CONSÓRCIOS LTDA.                                 ;2;MA;155
202312;RANDON ADM CONSÓRCIOS LTDA.                                 ;3;MA;0
202312;RANDON ADM CONSÓRCIOS LTDA.                                 ;5;MA;0
202312;RANDON ADM CONSÓRCIOS LTDA.                                 ;6;MA;0
202312;RANDON ADM CONSÓRCIOS LTDA.                                 ;1;MG;19
202312;RANDON ADM CONSÓRCIOS LTDA.                                 ;2;MG;445
202312;RANDON ADM CONSÓRCIOS LTDA.                                 ;3;MG;3
202312;RANDON ADM CONSÓRCIOS LTDA.                                 ;5;MG;0
202312;RANDON ADM CONSÓRCIOS LTDA.                                 ;1;MS;1
202312;RANDON ADM CONSÓRCIOS LTDA.                                 ;2;MS;156
202312;RANDON ADM CONSÓRCIOS LTDA.                                 ;3;MS;0
202312;RANDON ADM CONSÓRCIOS LTDA.                                 ;5;MS;0
202312;RANDON ADM CONSÓRCIOS LTDA.                                 ;6;MS;0
202312;RANDON ADM CONSÓRCIOS LTDA.                                 ;1;MT;165
202312;RANDON ADM CONSÓRCIOS LTDA.                                 ;2;MT;454
202312;RANDON ADM CONSÓRCIOS LTDA.                                 ;3;MT;115
202312;RANDON ADM CONSÓRCIOS LTDA.                                 ;5;MT;1
202312;RANDON ADM CONSÓRCIOS LTDA.                                 ;6;MT;3
202312;RANDON ADM CONSÓRCIOS LTDA.                                 ;1;PA;0
202312;RANDON ADM CONSÓRCIOS LTDA.                                 ;2;PA;34
202312;RANDON ADM CONSÓRCIOS LTDA.                                 ;3;PA;2
202312;RANDON ADM CONSÓRCIOS LTDA.                                 ;5;PA;1
202312;RANDON ADM CONSÓRCIOS LTDA.                                 ;1;PB;4
202312;RANDON ADM CONSÓRCIOS LTDA.                                 ;2;PB;5
202312;RANDON ADM CONSÓRCIOS LTDA.                                 ;3;PB;1
202312;RANDON ADM CONSÓRCIOS LTDA.                                 ;1;PE;0
202312;RANDON ADM CONSÓRCIOS LTDA.                                 ;2;PE;24
202312;RANDON ADM CONSÓRCIOS LTDA.                                 ;3;PE;0
202312;RANDON ADM CONSÓRCIOS LTDA.                                 ;5;PE;0
202312;RANDON ADM CONSÓRCIOS LTDA.                                 ;6;PE;2
202312;RANDON ADM CONSÓRCIOS LTDA.                                 ;1;PI;0
202312;RANDON ADM CONSÓRCIOS LTDA.                                 ;2;PI;9
202312;RANDON ADM CONSÓRCIOS LTDA.                                 ;3;PI;0
202312;RANDON ADM CONSÓRCIOS LTDA.                                 ;6;PI;0
202312;RANDON ADM CONSÓRCIOS LTDA.                                 ;1;PR;309
202312;RANDON ADM CONSÓRCIOS LTDA.                                 ;2;PR;990
202312;RANDON ADM CONSÓRCIOS LTDA.                                 ;3;PR;96
202312;RANDON ADM CONSÓRCIOS LTDA.                                 ;5;PR;2
202312;RANDON ADM CONSÓRCIOS LTDA.                                 ;6;PR;4
202312;RANDON ADM CONSÓRCIOS LTDA.                                 ;1;RJ;4
202312;RANDON ADM CONSÓRCIOS LTDA.                                 ;2;RJ;9
202312;RANDON ADM CONSÓRCIOS LTDA.                                 ;3;RJ;1
202312;RANDON ADM CONSÓRCIOS LTDA.                                 ;1;RN;0
202312;RANDON ADM CONSÓRCIOS LTDA.                                 ;2;RN;9
202312;RANDON ADM CONSÓRCIOS LTDA.                                 ;3;RN;1
202312;RANDON ADM CONSÓRCIOS LTDA.                                 ;5;RN;0
202312;RANDON ADM CONSÓRCIOS LTDA.                                 ;6;RN;0
202312;RANDON ADM CONSÓRCIOS LTDA.                                 ;1;RO;0
202312;RANDON ADM CONSÓRCIOS LTDA.                                 ;2;RO;14
202312;RANDON ADM CONSÓRCIOS LTDA.                                 ;3;RO;2
202312;RANDON ADM CONSÓRCIOS LTDA.                                 ;5;RO;0
202312;RANDON ADM CONSÓRCIOS LTDA.                                 ;1;RR;0
202312;RANDON ADM CONSÓRCIOS LTDA.                                 ;2;RR;4
202312;RANDON ADM CONSÓRCIOS LTDA.                                 ;3;RR;0
202312;RANDON ADM CONSÓRCIOS LTDA.                                 ;1;RS;303
202312;RANDON ADM CONSÓRCIOS LTDA.                                 ;2;RS;946
202312;RANDON ADM CONSÓRCIOS LTDA.                                 ;3;RS;362
202312;RANDON ADM CONSÓRCIOS LTDA.                                 ;5;RS;1
202312;RANDON ADM CONSÓRCIOS LTDA.                                 ;6;RS;3
202312;RANDON ADM CONSÓRCIOS LTDA.                                 ;1;SC;142
202312;RANDON ADM CONSÓRCIOS LTDA.                                 ;2;SC;208
202312;RANDON ADM CONSÓRCIOS LTDA.                                 ;3;SC;120
202312;RANDON ADM CONSÓRCIOS LTDA.                                 ;5;SC;1
202312;RANDON ADM CONSÓRCIOS LTDA.                                 ;6;SC;5
202312;RANDON ADM CONSÓRCIOS LTDA.                                 ;1;SE;0
202312;RANDON ADM CONSÓRCIOS LTDA.                                 ;2;SE;3
202312;RANDON ADM CONSÓRCIOS LTDA.                                 ;3;SE;2
202312;RANDON ADM CONSÓRCIOS LTDA.                                 ;1;SP;102
202312;RANDON ADM CONSÓRCIOS LTDA.                                 ;2;SP;1025
202312;RANDON ADM CONSÓRCIOS LTDA.                                 ;3;SP;29
202312;RANDON ADM CONSÓRCIOS LTDA.                                 ;5;SP;2
202312;RANDON ADM CONSÓRCIOS LTDA.                                 ;6;SP;3
202312;RANDON ADM CONSÓRCIOS LTDA.                                 ;1;TO;0
202312;RANDON ADM CONSÓRCIOS LTDA.                                 ;2;TO;130
202312;RANDON ADM CONSÓRCIOS LTDA.                                 ;3;TO;0
202312;RANDON ADM CONSÓRCIOS LTDA.                                 ;5;TO;0
202312;GRAVEL ADM CONS LTDA                                        ;4;CE;0
202312;GRAVEL ADM CONS LTDA                                        ;3;PA;0
202312;GRAVEL ADM CONS LTDA                                        ;3;PB;0
202312;GRAVEL ADM CONS LTDA                                        ;3;PR;0
202312;GRAVEL ADM CONS LTDA                                        ;4;PR;0
202312;GRAVEL ADM CONS LTDA                                        ;4;RJ;0
202312;GRAVEL ADM CONS LTDA                                        ;3;RS;74
202312;GRAVEL ADM CONS LTDA                                        ;4;RS;1
202312;GRAVEL ADM CONS LTDA                                        ;3;SC;0
202312;GRAVEL ADM CONS LTDA                                        ;4;SC;0
202312;GRAVEL ADM CONS LTDA                                        ;3;SP;0
202312;ADM CONS SPENGLER LTDA                                      ;3;BA;0
202312;ADM CONS SPENGLER LTDA                                      ;3;CE;1
202312;ADM CONS SPENGLER LTDA                                      ;3;DF;0
202312;ADM CONS SPENGLER LTDA                                      ;3;ES;1
202312;ADM CONS SPENGLER LTDA                                      ;3;GO;2
202312;ADM CONS SPENGLER LTDA                                      ;3;MG;2
202312;ADM CONS SPENGLER LTDA                                      ;3;MT;0
202312;ADM CONS SPENGLER LTDA                                      ;3;PI;1
202312;ADM CONS SPENGLER LTDA                                      ;3;PR;1
202312;ADM CONS SPENGLER LTDA                                      ;3;RJ;0
202312;ADM CONS SPENGLER LTDA                                      ;1;RS;27
202312;ADM CONS SPENGLER LTDA                                      ;3;RS;211
202312;ADM CONS SPENGLER LTDA                                      ;1;SC;1
202312;ADM CONS SPENGLER LTDA                                      ;3;SC;12
202312;ADM CONS SPENGLER LTDA                                      ;3;SP;4
202312;REDE OESTE ADM DE CONS LTDA                                 ;1;BA;0
202312;REDE OESTE ADM DE CONS LTDA                                 ;2;BA;0
202312;REDE OESTE ADM DE CONS LTDA                                 ;3;BA;0
202312;REDE OESTE ADM DE CONS LTDA                                 ;1;CE;2
202312;REDE OESTE ADM DE CONS LTDA                                 ;3;CE;11
202312;REDE OESTE ADM DE CONS LTDA                                 ;1;DF;0
202312;REDE OESTE ADM DE CONS LTDA                                 ;3;DF;0
202312;REDE OESTE ADM DE CONS LTDA                                 ;1;ES;0
202312;REDE OESTE ADM DE CONS LTDA                                 ;3;ES;0
202312;REDE OESTE ADM DE CONS LTDA                                 ;1;GO;0
202312;REDE OESTE ADM DE CONS LTDA                                 ;3;GO;0
202312;REDE OESTE ADM DE CONS LTDA                                 ;1;MA;1
202312;REDE OESTE ADM DE CONS LTDA                                 ;3;MA;0
202312;REDE OESTE ADM DE CONS LTDA                                 ;6;MA;0
202312;REDE OESTE ADM DE CONS LTDA                                 ;1;MG;0
202312;REDE OESTE ADM DE CONS LTDA                                 ;3;MG;1
202312;REDE OESTE ADM DE CONS LTDA                                 ;1;MS;0
202312;REDE OESTE ADM DE CONS LTDA                                 ;3;MS;1
202312;REDE OESTE ADM DE CONS LTDA                                 ;1;MT;0
202312;REDE OESTE ADM DE CONS LTDA                                 ;2;MT;0
202312;REDE OESTE ADM DE CONS LTDA                                 ;3;MT;1
202312;REDE OESTE ADM DE CONS LTDA                                 ;1;PA;0
202312;REDE OESTE ADM DE CONS LTDA                                 ;1;PE;0
202312;REDE OESTE ADM DE CONS LTDA                                 ;3;PE;0
202312;REDE OESTE ADM DE CONS LTDA                                 ;1;PR;44
202312;REDE OESTE ADM DE CONS LTDA                                 ;2;PR;0
202312;REDE OESTE ADM DE CONS LTDA                                 ;3;PR;406
202312;REDE OESTE ADM DE CONS LTDA                                 ;6;PR;4
202312;REDE OESTE ADM DE CONS LTDA                                 ;1;RJ;0
202312;REDE OESTE ADM DE CONS LTDA                                 ;3;RJ;0
202312;REDE OESTE ADM DE CONS LTDA                                 ;1;RO;0
202312;REDE OESTE ADM DE CONS LTDA                                 ;1;RS;0
202312;REDE OESTE ADM DE CONS LTDA                                 ;2;RS;0
202312;REDE OESTE ADM DE CONS LTDA                                 ;3;RS;1
202312;REDE OESTE ADM DE CONS LTDA                                 ;1;SC;1
202312;REDE OESTE ADM DE CONS LTDA                                 ;2;SC;0
202312;REDE OESTE ADM DE CONS LTDA                                 ;3;SC;31
202312;REDE OESTE ADM DE CONS LTDA                                 ;1;SP;0
202312;REDE OESTE ADM DE CONS LTDA                                 ;2;SP;0
202312;REDE OESTE ADM DE CONS LTDA                                 ;3;SP;1
202312;REDE OESTE ADM DE CONS LTDA                                 ;1;TO;0
202312;REDE OESTE ADM DE CONS LTDA                                 ;3;TO;0
202312;CONESUL ADM CONS LTDA                                       ;3;DF;0
202312;CONESUL ADM CONS LTDA                                       ;3;MS;0
202312;CONESUL ADM CONS LTDA                                       ;3;PE;0
202312;CONESUL ADM CONS LTDA                                       ;3;PR;0
202312;CONESUL ADM CONS LTDA                                       ;3;RS;0
202312;CONESUL ADM CONS LTDA                                       ;3;SC;0
202312;CONESUL ADM CONS LTDA                                       ;3;SP;0
202312;BANRISUL S.A. ADM CONSÓRCIOS                                ;1;AC;0
202312;BANRISUL S.A. ADM CONSÓRCIOS                                ;1;AL;0
202312;BANRISUL S.A. ADM CONSÓRCIOS                                ;3;AL;0
202312;BANRISUL S.A. ADM CONSÓRCIOS                                ;4;AL;0
202312;BANRISUL S.A. ADM CONSÓRCIOS                                ;1;AM;0
202312;BANRISUL S.A. ADM CONSÓRCIOS                                ;3;AM;0
202312;BANRISUL S.A. ADM CONSÓRCIOS                                ;1;BA;0
202312;BANRISUL S.A. ADM CONSÓRCIOS                                ;3;BA;0
202312;BANRISUL S.A. ADM CONSÓRCIOS                                ;4;BA;0
202312;BANRISUL S.A. ADM CONSÓRCIOS                                ;1;CE;2
202312;BANRISUL S.A. ADM CONSÓRCIOS                                ;3;CE;0
202312;BANRISUL S.A. ADM CONSÓRCIOS                                ;1;DF;3
202312;BANRISUL S.A. ADM CONSÓRCIOS                                ;3;DF;2
202312;BANRISUL S.A. ADM CONSÓRCIOS                                ;4;DF;0
202312;BANRISUL S.A. ADM CONSÓRCIOS                                ;1;ES;0
202312;BANRISUL S.A. ADM CONSÓRCIOS                                ;3;ES;1
202312;BANRISUL S.A. ADM CONSÓRCIOS                                ;1;GO;0
202312;BANRISUL S.A. ADM CONSÓRCIOS                                ;3;GO;0
202312;BANRISUL S.A. ADM CONSÓRCIOS                                ;1;MA;0
202312;BANRISUL S.A. ADM CONSÓRCIOS                                ;3;MA;0
202312;BANRISUL S.A. ADM CONSÓRCIOS                                ;1;MG;1
202312;BANRISUL S.A. ADM CONSÓRCIOS                                ;3;MG;0
202312;BANRISUL S.A. ADM CONSÓRCIOS                                ;4;MG;0
202312;BANRISUL S.A. ADM CONSÓRCIOS                                ;1;MS;0
202312;BANRISUL S.A. ADM CONSÓRCIOS                                ;3;MS;0
202312;BANRISUL S.A. ADM CONSÓRCIOS                                ;1;MT;1
202312;BANRISUL S.A. ADM CONSÓRCIOS                                ;3;MT;0
202312;BANRISUL S.A. ADM CONSÓRCIOS                                ;1;PA;0
202312;BANRISUL S.A. ADM CONSÓRCIOS                                ;3;PA;0
202312;BANRISUL S.A. ADM CONSÓRCIOS                                ;4;PA;0
202312;BANRISUL S.A. ADM CONSÓRCIOS                                ;1;PB;0
202312;BANRISUL S.A. ADM CONSÓRCIOS                                ;3;PB;0
202312;BANRISUL S.A. ADM CONSÓRCIOS                                ;1;PE;0
202312;BANRISUL S.A. ADM CONSÓRCIOS                                ;3;PE;0
202312;BANRISUL S.A. ADM CONSÓRCIOS                                ;1;PI;0
202312;BANRISUL S.A. ADM CONSÓRCIOS                                ;3;PI;0
202312;BANRISUL S.A. ADM CONSÓRCIOS                                ;1;PR;3
202312;BANRISUL S.A. ADM CONSÓRCIOS                                ;3;PR;38
202312;BANRISUL S.A. ADM CONSÓRCIOS                                ;4;PR;0
202312;BANRISUL S.A. ADM CONSÓRCIOS                                ;1;RJ;8
202312;BANRISUL S.A. ADM CONSÓRCIOS                                ;3;RJ;2
202312;BANRISUL S.A. ADM CONSÓRCIOS                                ;4;RJ;0
202312;BANRISUL S.A. ADM CONSÓRCIOS                                ;3;RN;0
202312;BANRISUL S.A. ADM CONSÓRCIOS                                ;3;RO;0
202312;BANRISUL S.A. ADM CONSÓRCIOS                                ;3;RR;0
202312;BANRISUL S.A. ADM CONSÓRCIOS                                ;1;RS;1717
202312;BANRISUL S.A. ADM CONSÓRCIOS                                ;3;RS;4349
202312;BANRISUL S.A. ADM CONSÓRCIOS                                ;4;RS;167
202312;BANRISUL S.A. ADM CONSÓRCIOS                                ;1;SC;48
202312;BANRISUL S.A. ADM CONSÓRCIOS                                ;3;SC;164
202312;BANRISUL S.A. ADM CONSÓRCIOS                                ;4;SC;20
202312;BANRISUL S.A. ADM CONSÓRCIOS                                ;1;SE;5
202312;BANRISUL S.A. ADM CONSÓRCIOS                                ;3;SE;93
202312;BANRISUL S.A. ADM CONSÓRCIOS                                ;4;SE;2
202312;BANRISUL S.A. ADM CONSÓRCIOS                                ;1;SP;6
202312;BANRISUL S.A. ADM CONSÓRCIOS                                ;3;SP;25
202312;BANRISUL S.A. ADM CONSÓRCIOS                                ;4;SP;10
202312;BANRISUL S.A. ADM CONSÓRCIOS                                ;3;TO;0
202312;ASSOC DOS JUIZES DO RS                                      ;3;RS;0
202312;ASSOC DOS JUIZES DO RS                                      ;3;SC;0
202312;SERELLO CONSORCIOS                                          ;3;AC;0
202312;SERELLO CONSORCIOS                                          ;3;AL;0
202312;SERELLO CONSORCIOS                                          ;3;AM;0
202312;SERELLO CONSORCIOS                                          ;3;AP;0
202312;SERELLO CONSORCIOS                                          ;1;BA;0
202312;SERELLO CONSORCIOS                                          ;3;BA;0
202312;SERELLO CONSORCIOS                                          ;3;CE;0
202312;SERELLO CONSORCIOS                                          ;3;DF;0
202312;SERELLO CONSORCIOS                                          ;3;ES;0
202312;SERELLO CONSORCIOS                                          ;3;GO;0
202312;SERELLO CONSORCIOS                                          ;3;MA;0
202312;SERELLO CONSORCIOS                                          ;3;MG;0
202312;SERELLO CONSORCIOS                                          ;3;MS;0
202312;SERELLO CONSORCIOS                                          ;3;MT;0
202312;SERELLO CONSORCIOS                                          ;3;PA;0
202312;SERELLO CONSORCIOS                                          ;3;PB;0
202312;SERELLO CONSORCIOS                                          ;3;PE;0
202312;SERELLO CONSORCIOS                                          ;3;PI;0
202312;SERELLO CONSORCIOS                                          ;1;PR;0
202312;SERELLO CONSORCIOS                                          ;3;PR;0
202312;SERELLO CONSORCIOS                                          ;3;RJ;0
202312;SERELLO CONSORCIOS                                          ;3;RN;0
202312;SERELLO CONSORCIOS                                          ;3;RO;0
202312;SERELLO CONSORCIOS                                          ;1;RS;0
202312;SERELLO CONSORCIOS                                          ;3;RS;0
202312;SERELLO CONSORCIOS                                          ;1;SC;0
202312;SERELLO CONSORCIOS                                          ;3;SC;0
202312;SERELLO CONSORCIOS                                          ;3;SE;0
202312;SERELLO CONSORCIOS                                          ;1;SP;0
202312;SERELLO CONSORCIOS                                          ;3;SP;0
202312;SERELLO CONSORCIOS                                          ;3;TO;0
202312;CARLESSI ADM CONS LTDA                                      ;3;BA;0
202312;CARLESSI ADM CONS LTDA                                      ;5;MG;0
202312;CARLESSI ADM CONS LTDA                                      ;4;MT;0
202312;CARLESSI ADM CONS LTDA                                      ;5;MT;0
202312;CARLESSI ADM CONS LTDA                                      ;5;PB;0
202312;CARLESSI ADM CONS LTDA                                      ;3;PR;0
202312;CARLESSI ADM CONS LTDA                                      ;4;PR;0
202312;CARLESSI ADM CONS LTDA                                      ;5;PR;0
202312;CARLESSI ADM CONS LTDA                                      ;5;RJ;0
202312;CARLESSI ADM CONS LTDA                                      ;3;RS;13
202312;CARLESSI ADM CONS LTDA                                      ;4;RS;5
202312;CARLESSI ADM CONS LTDA                                      ;5;RS;18
202312;CARLESSI ADM CONS LTDA                                      ;3;SC;82
202312;CARLESSI ADM CONS LTDA                                      ;4;SC;19
202312;CARLESSI ADM CONS LTDA                                      ;5;SC;98
202312;CARLESSI ADM CONS LTDA                                      ;3;SP;0
202312;CARLESSI ADM CONS LTDA                                      ;4;SP;0
202312;CARLESSI ADM CONS LTDA                                      ;5;SP;0
202312;SCANIA ADM CONS LTDA.                                       ;2;AC;0
202312;SCANIA ADM CONS LTDA.                                       ;2;AL;5
202312;SCANIA ADM CONS LTDA.                                       ;2;AM;3
202312;SCANIA ADM CONS LTDA.                                       ;2;AP;0
202312;SCANIA ADM CONS LTDA.                                       ;2;BA;45
202312;SCANIA ADM CONS LTDA.                                       ;2;CE;7
202312;SCANIA ADM CONS LTDA.                                       ;2;DF;2
202312;SCANIA ADM CONS LTDA.                                       ;2;ES;12
202312;SCANIA ADM CONS LTDA.                                       ;2;GO;24
202312;SCANIA ADM CONS LTDA.                                       ;2;MA;27
202312;SCANIA ADM CONS LTDA.                                       ;2;MG;115
202312;SCANIA ADM CONS LTDA.                                       ;2;MS;13
202312;SCANIA ADM CONS LTDA.                                       ;2;MT;45
202312;SCANIA ADM CONS LTDA.                                       ;2;PA;18
202312;SCANIA ADM CONS LTDA.                                       ;2;PB;1
202312;SCANIA ADM CONS LTDA.                                       ;2;PE;19
202312;SCANIA ADM CONS LTDA.                                       ;2;PI;7
202312;SCANIA ADM CONS LTDA.                                       ;2;PR;284
202312;SCANIA ADM CONS LTDA.                                       ;2;RJ;4
202312;SCANIA ADM CONS LTDA.                                       ;2;RN;2
202312;SCANIA ADM CONS LTDA.                                       ;2;RO;4
202312;SCANIA ADM CONS LTDA.                                       ;2;RR;0
202312;SCANIA ADM CONS LTDA.                                       ;2;RS;263
202312;SCANIA ADM CONS LTDA.                                       ;2;SC;156
202312;SCANIA ADM CONS LTDA.                                       ;2;SE;1
202312;SCANIA ADM CONS LTDA.                                       ;2;SP;110
202312;SCANIA ADM CONS LTDA.                                       ;2;TO;15
